Tempo Angle omega x y
s degrees degrees/s  
0.0320 5.5800 -34.0939  
0.0490 4.4103 -133.5915  
0.0790 2.9992 -23.4119  
0.1120 1.8595 -37.9347  
0.1470 0.6289 -42.9931  
0.1800 -0.6358 -29.4542  
0.2130 -1.8998 -22.7657  
0.2470 -3.0963 -20.9242  
0.2800 -4.2295 -18.9343  
0.3130 -5.2286 -1.2772  
0.3810 -6.1531 -6.0858  
0.4140 -6.8005 15.1626  
0.4460 -7.3280 15.5406  
0.4800 -7.6682 18.2583  
0.5130 -7.7745 25.2664  
0.5460 -7.6841 30.1518  
0.5800 -7.4193 29.2160  
0.6130 -6.9361 44.6011  
0.6470 -6.2660 36.6017  
0.6790 -5.4593 41.3763  
0.7130 -4.4326 52.5467  
0.7470 -3.3565 29.2128  
0.7800 -2.1933 41.5012  
0.8130 -0.9523 42.3546  
0.8500 0.2680 16.9631  
0.8800 1.4643 25.1358  
0.9130 2.6367 22.8847  
0.9470 3.6998 11.1195  
0.9800 4.7824 43.6579  
1.0130 5.7748 12.7561  
1.0460 6.4023 -56.4140  
1.0800 6.8838 -13.7507  
1.1130 7.1651 -19.1672  
1.1470 7.2308 -22.2936  
1.1800 7.1580 -22.9388  
1.2130 6.8461 -49.6158  
1.2460 6.3203 -41.9166  
1.2800 5.6535 -30.3886  
1.3130 4.6278 -65.0706  
1.3470 3.4521 -31.7489  
1.3800 2.3374 -37.9211  
1.4130 1.1190 -45.5751  
1.4470 -0.1209 -24.9491  
1.4800 -1.3851 -30.3314  
1.5120 -2.6449 -22.2598  
1.5470 -3.8033 -17.8413  
1.5790 -4.8565 -10.3153  
1.6140 -5.9883 -51.9909  
1.6470 -7.0191 -34.4781  
1.6800 -7.6462 89.6199  
1.7170 -8.0985 13.4448  
1.7460 -8.3383 21.4125  
1.7800 -8.4223 20.8479  
1.8130 -8.3067 30.1659  
1.8470 -8.0329 25.5765  
1.8800 -7.5479 45.0979  
1.9120 -6.8936 42.5678  
1.9470 -5.9766 23.0906  
1.9800 -4.7181 68.9872  
2.0130 -3.6669 26.7905  
2.0470 -2.5535 32.9429  
2.0830 -1.3252 49.1543  
2.1130 -0.1051 20.9127  
2.1460 1.1034 26.6500  
2.1790 2.2879 19.0632  
2.2130 3.3740 14.8197  
2.2460 4.4525 39.0112  
2.3140 5.3467 -15.2238  
2.3470 5.9666 -14.1518  
2.3800 6.4348 -19.1723  
2.4130 6.7151 -22.9747  
2.4490 6.7428 -21.0316  
2.4800 6.5692 -44.7054  
2.5120 6.1693 -43.2406  
2.5460 5.5682 -40.6572  
2.5800 4.7365 -52.9883  
2.6120 3.6520 -38.7873  
2.6470 2.5498 -34.6563  
2.6800 1.3564 -41.7604  
2.7130 0.1259 -30.4217  
2.7460 -1.1259 -29.4288  
2.7800 -2.3897 -25.7961  
2.8130 -3.5734 -17.7317  
2.8460 -4.6643 -13.7895  
2.8830 -5.5501 18.0570  
2.9190 -6.5536 -82.7578  
2.9460 -7.1634 99.8927  
2.9800 -7.6345 5.1078  
3.0130 -7.9181 15.0536  
3.0460 -8.0304 21.4728  
3.0800 -7.9585 25.6249  
3.1130 -7.6995 30.1222  
3.1470 -7.2580 36.4847  
3.1800 -6.6346 41.2891  
3.2130 -5.9948 25.2422  
3.2470 -4.8478 61.5493  
3.2830 -3.8663 28.9345  
3.3130 -2.7778 41.4764  
3.3460 -1.5997 42.1865  
3.3790 -0.3797 34.2048  
3.4130 0.8287 22.1660  
3.4470 2.0005 18.4955  
3.4800 3.1112 19.0808  
3.5130 4.2534 50.8282  
3.5800 5.4752 24.3227  
3.6130 6.1698 -96.3913  
3.6460 6.7007 -18.0101  
3.6800 7.0313 -22.3127  
3.7130 7.1595 -19.1321  
3.7460 7.0363 -42.0222  
3.7800 6.6992 -40.7147  
3.8130 6.1735 -38.0919  
3.8470 5.4341 -44.3393  
3.8800 4.3190 -63.0342  
3.9120 2.9864 -17.0379  
3.9470 1.8216 -42.9235  
3.9790 0.6034 -35.2673  
4.0120 -0.6362 -29.4736  
4.0500 -1.9002 -23.0594  
4.0800 -3.0843 -19.5604  
4.1130 -4.1924 -18.9255  
4.1470 -5.1347 11.8011  
4.2130 -6.0793 -23.1949  
4.2470 -6.6862 38.1571  
4.2800 -7.1888 15.0581  
4.3120 -7.4704 22.1297  
4.3470 -7.5520 24.8989  
4.3800 -7.4493 26.3652  
4.4130 -7.1474 33.8455  
4.4470 -6.6393 43.3349  
4.4800 -5.9494 36.2039  
4.5130 -5.1771 37.1369  
4.5470 -4.1081 42.2071  
4.5800 -3.0445 37.6970  
4.6130 -1.8929 41.7232  
4.6470 -0.6729 40.9393  
4.6800 0.5227 19.0252  
4.7130 1.7068 22.8588  
4.7460 2.8421 19.0756  
4.7800 4.0367 60.7628  
4.8170 5.1900 21.1555  
4.8460 6.2459 8.6389  
4.8800 6.8736 -83.7404  
4.9130 7.3427 -10.3391  
4.9470 7.5856 -26.0416  
4.9790 7.6388 -15.7894  
5.0130 7.5535 -22.2664  
5.0460 7.2038 -57.2452  
5.0790 6.6655 -38.1021  
5.1150 5.8253 -26.4552  
5.1480 4.6809 -68.4906  
5.1790 3.3209 -61.4375  
5.2130 2.2188 -7.9064  
5.2460 1.0004 -45.5714  
5.2800 -0.2143 -24.9559  
5.3130 -1.4661 -26.5335  
5.3460 -2.7134 -21.6057  
5.3800 -3.8218 -14.6840  
5.4130 -4.8375 -10.0438  
5.4800 -6.1022 -51.3617  
5.5130 -6.7758 110.6194  
5.5460 -7.2097 14.8993  
5.5800 -7.5554 18.0534  
5.6130 -7.6681 25.0338  
5.6470 -7.6098 25.3278  
5.6800 -7.3780 26.0592  
5.7130 -6.9292 44.1441  
5.7470 -6.3076 36.1572  
5.7790 -5.5368 36.2475  
5.8140 -4.2335 53.8245  
5.8470 -3.1346 48.6595  
5.8790 -2.0107 23.2255  
5.9130 -0.8071 41.4645  
5.9460 0.3760 18.8226  
5.9830 1.5476 20.1694  
6.0130 2.6955 20.7575  
6.0470 3.7476 14.6700  
6.0800 4.9308 76.9766  
6.1130 5.9239 -22.4238  
6.1470 6.5612 -49.2782  
6.1800 6.9917 -13.9952  
6.2130 7.2852 -18.9736  
6.2460 7.3628 -22.7368  
6.2790 7.3282 -15.1407  
6.3170 7.0445 -45.9419  
6.3460 6.5615 -47.2160  
6.3800 5.9044 -36.5781  
6.4130 4.8370 -47.3210  
6.4460 3.6437 -60.5855  
6.4800 2.5652 -15.5040  
6.5130 1.3842 -45.0767  
6.5470 0.1816 -24.7370  
6.5800 -1.0324 -26.2376  
6.6130 -2.2796 -25.1579  
6.6470 -3.4139 -18.1540  
6.6790 -4.4564 -14.1094  
6.7140 -5.6745 -85.7141  
6.7470 -6.7758 -11.9207  
6.7820 -7.3336 98.1803  
6.8130 -7.8060 10.5159  
6.8460 -8.0683 18.6108  
6.8800 -8.1640 24.2721  
6.9130 -8.0992 22.3797  
6.9470 -7.8530 28.9196  
6.9800 -7.3996 44.1182  
7.0120 -6.7778 38.4915  
7.0470 -5.7721 23.9656  
7.0790 -4.5196 64.8561  
7.1170 -3.5206 23.7083  
7.1460 -2.4295 43.0170  
7.1790 -1.2262 52.5977  
7.2130 -0.0309 21.9162  
7.2460 1.1527 18.8387  
7.2790 2.3127 22.6360  
7.3140 3.3894 17.8112  
7.3460 4.3679 7.8001  
7.4140 5.3255 9.2618  
7.4480 5.9665 -32.0924  
7.4800 6.4673 -15.6595  
7.5140 6.7682 -22.0788  
7.5460 6.8331 -19.5237  
7.5830 6.6863 -37.0887  
7.6130 6.3402 -45.6641  
7.6470 5.7827 -40.2459  
7.6790 5.0261 -42.7369  
7.7130 4.0435 -59.1096  
7.7460 2.9267 -21.5832  
7.7800 1.7827 -40.0856  
7.8130 0.5772 -33.8424  
7.8460 -0.6371 -25.4157  
7.8790 -1.8721 -25.1841  
7.9130 -3.0315 -18.1440  
7.9470 -4.1115 -16.9261  
7.9810 -5.0749 -5.9552  
8.0470 -5.9064 -0.7478  
8.0800 -6.4873 15.0831  
8.1140 -6.9477 14.4527  
8.1460 -7.2017 21.9253  
8.1800 -7.2702 21.7315  
8.2130 -7.1564 29.8078  
8.2460 -6.8490 33.4818  
8.2800 -6.3463 39.2899  
8.3130 -5.7080 23.6694  
8.3470 -4.8624 55.0063  
8.3800 -3.8831 39.0019  
8.4130 -2.8291 37.7353  
8.4470 -1.7004 36.4390  
8.4800 -0.4929 45.1277  
8.5130 0.6904 15.0660  
8.5460 1.8501 22.6249  
8.5790 2.9615 18.8804  
8.6130 3.9768 11.0072  
8.6470 5.1055 56.3268  
8.6800 6.1297 25.0101  
8.7140 6.7426 -83.1235  
8.7460 7.1683 -19.5825  
8.7840 7.3950 -19.7597  
8.8130 7.4227 -17.2405  
8.8470 7.3009 -29.3729  
8.8800 6.9300 -52.8609  
8.9130 6.3724 -37.7036  
8.9470 5.6598 -34.5744  
8.9800 4.5490 -62.6428  
9.0120 3.2831 -22.6471  
9.0470 2.1637 -38.9217  
9.0800 0.9580 -45.1045  
9.1130 -0.2564 -25.4297  
9.1460 -1.4952 -22.5074  
9.1800 -2.7046 -20.7499  
9.2130 -3.7890 -14.9696  
9.2470 -4.7817 -9.6455  
9.2800 -5.6443 3.8247  
9.3130 -6.7213 -127.6371  
9.3460 -7.3051 127.5400  
9.3800 -7.6911 18.0738  
9.4130 -7.8669 18.5954  
9.4460 -7.8885 21.3167  
9.4800 -7.7373 28.9431  
9.5130 -7.4174 29.7740  
9.5460 -6.9023 44.1709  
9.5800 -6.2313 36.2146  
9.6130 -5.4442 39.0019  
9.6470 -4.0479 55.2806  
9.6800 -3.0065 20.0204  
9.7130 -1.8804 44.2758  
9.7470 -0.6767 40.8827  
9.7800 0.5189 18.8265  
9.8130 1.6782 18.8473  
9.8460 2.8140 22.6475  
9.8790 3.8539 15.1188  
9.9130 4.9180 43.3197  
9.9460 6.0573 61.8110  
9.9800 6.6489 -105.8349  
10.0130 7.1367 -11.3966  
10.0460 7.4034 -22.7653  
10.0790 7.4685 -18.9451  
10.1130 7.4064 -19.1432  
10.1460 7.1212 -48.7790  
10.1800 6.6133 -43.4861  
10.2130 5.9792 -23.1397  
10.2460 4.9872 -63.8259  
10.2800 3.6765 -33.7370  
10.3130 2.6066 -36.0721  
10.3470 1.4256 -43.7509  
10.3800 0.2356 -25.4866  
10.4140 -0.9909 -29.1072  
10.4470 -2.2229 -21.4063  
10.4790 -3.3557 -19.2886  
10.5130 -4.3735 -9.6615  
10.5460 -5.5367 -67.2228  
10.5800 -6.6988 -61.6156  
10.6140 -7.3107 128.1047  
10.6470 -7.7585 13.6182  
10.6800 -7.9963 18.6004  
10.7130 -8.0763 22.2887  
10.7460 -7.9623 28.8405  
10.7800 -7.7039 21.6814  
10.8130 -7.2365 44.6123  
10.8460 -6.6138 37.1288  
10.8800 -5.6797 26.3109  
10.9130 -4.3101 68.5042  
10.9460 -3.2988 23.4395  
10.9800 -2.2091 36.2309  
11.0130 -1.0132 50.8012  
11.0470 0.1636 16.0343  
11.0830 1.3103 18.0654  
11.1130 2.4580 24.8996  
11.1460 3.5208 18.8906  
11.1790 4.4932 9.7060  
11.2130 5.4240 14.1251  
11.2460 6.0613 -20.4777  
11.2790 6.5838 -11.3407  
11.3130 6.9117 -20.9919  
11.3460 7.0094 -18.9496  
11.3800 6.9902 -18.3713  
11.4130 6.7562 -45.3527  
11.4460 6.3106 -41.5025  
11.4800 5.6659 -40.2400  
11.5130 4.8394 -45.3610  
11.5460 3.8292 -41.1383  
11.5840 2.7631 -32.4751  
11.6130 1.5857 -51.2868  
11.6460 0.3955 -25.5012  
11.6800 -0.8311 -29.1008  
11.7130 -2.0535 -17.6835  
11.7480 -3.2004 -21.1536  
11.7800 -4.2432 -10.2823  
11.8130 -5.1525 -1.0183  
11.8810 -5.9291 -2.4919  
11.9140 -6.5374 9.8786  
11.9460 -6.9608 19.1924  
11.9800 -7.1619 21.6440  
12.0130 -7.2083 21.3596  
12.0460 -7.0575 29.8018  
12.0800 -6.7133 39.7063  
12.1130 -6.1725 37.1398  
12.1480 -5.5281 20.1980  
12.1760 -4.6738 73.7837  
12.2130 -3.6994 27.8611  
12.2470 -2.6222 39.8411  
12.2800 -1.4584 44.8381  
12.3120 -0.2666 31.7519  
12.3500 0.9045 13.0836  
12.3800 2.0643 29.0388  
12.4140 3.1389 14.6620  
12.4460 4.1245 10.4552  
12.5140 5.2301 28.0586  
12.5470 5.9049 -67.9560  
12.5800 6.4303 -14.0416  
12.6130 6.7451 -22.7479  
12.6470 6.8495 -18.3753  
12.6800 6.7264 -38.1722  
12.7130 6.4177 -41.1533  
12.7470 5.8850 -40.2491  
12.7800 5.1722 -39.4826  
12.8130 4.2387 -56.7634  
12.8460 3.0353 -23.9446  
12.8800 1.9199 -40.0756  
12.9130 0.7268 -37.5930  
12.9470 -0.4875 -28.3205  
12.9800 -1.7137 -22.5128  
13.0130 -2.8844 -21.3651  
13.0470 -3.9810 -18.1697  
13.0800 -4.9489 -2.4464  
13.1170 -5.7172 18.7401  
13.1460 -6.4663 -58.0037  
13.1800 -7.0129 36.3150  
13.2140 -7.3742 14.4569  
13.2470 -7.5377 22.3116  
13.2800 -7.5223 25.0604  
13.3140 -7.3465 25.3172  
13.3470 -6.9897 33.4873  
13.3800 -6.4376 40.4661  
13.4140 -5.7549 36.0066  
13.4460 -5.0056 42.5188  
13.4800 -3.9650 36.1925  
13.5130 -2.9235 37.6913  
13.5470 -1.7948 40.0756  
13.5820 -0.6033 38.9928  
13.6130 0.5676 20.0411  
13.6470 1.7270 21.9542  
13.6800 2.8507 22.6535  
13.7120 3.8783 11.6951  
13.7470 4.7734 -2.8990  
13.7800 5.8066 83.1083  
13.8130 6.4402 -83.8149  
13.8470 6.8906 -17.2826  
13.8800 7.1297 -22.7536  
13.9130 7.1699 -18.9363  
13.9470 7.0231 -36.7021  
13.9800 6.6771 -37.7516  
14.0130 6.1319 -37.7071  
14.0470 5.4417 -31.6502  
14.0800 4.5513 -63.7338  
14.1140 3.3077 -23.1981  
14.1470 2.2046 -41.2762  
14.1790 1.0114 -46.5065  
14.2140 -0.1907 -23.9898  
14.2460 -1.4046 -23.2053  
14.2800 -2.5766 -24.3930  
14.3130 -3.6734 -14.9696  
14.3460 -4.6786 -9.9378  
14.3790 -5.7019 -38.1025  
14.4130 -6.7298 -63.2008  
14.4460 -7.3136 110.6725  
14.4800 -7.7243 10.8442  
14.5130 -7.9248 18.6004  
14.5470 -7.9587 24.2975  
14.5800 -7.8323 26.0953  
14.6120 -7.5246 30.7099  
14.6470 -7.0342 38.1141  
14.6800 -6.4004 33.4926  
14.7130 -5.5192 36.8712  
14.7470 -4.2280 57.3858  
14.7830 -3.2067 26.5016  
14.8130 -2.0834 46.2535  
14.8470 -0.8922 38.0280  
14.8800 0.2784 18.8188  
14.9130 1.4376 22.6090  
14.9470 2.5732 21.9758  
14.9800 3.6253 15.1146  
15.0130 4.7293 49.2236  
15.0470 5.6189 -27.2467  
15.0800 6.2437 -21.1512  
15.1130 6.7394 -10.2139  
15.1460 7.0336 -18.9736  
15.1800 7.1236 -22.0681  
15.2130 7.0765 -22.7064  
15.2470 6.8052 -44.0038  
15.2800 6.3223 -41.4929  
15.3130 5.6651 -37.6866  
15.3470 4.6893 -45.9292  
15.3800 3.6604 -44.1796  
15.4130 2.6068 -28.6266  
15.4470 1.4381 -43.7446  
15.4800 0.2480 -25.5012  
15.5130 -0.9661 -29.9826  
15.5460 -2.1760 -21.4202  
15.5800 -3.2979 -18.1489  
15.6130 -4.3158 -9.9707  
15.6460 -5.3681 -48.1141  
15.6800 -6.1457 34.8834  
15.7140 -6.7453 9.4420  
15.7460 -7.2056 14.0438  
15.7800 -7.4680 14.4446  
15.8130 -7.5760 21.2886  
15.8460 -7.4989 26.1067  
15.8790 -7.2651 26.0689  
15.9130 -6.8224 43.3064  
15.9460 -6.2242 37.1323  
15.9800 -5.3843 24.3719  
16.0130 -4.4745 57.1626  
16.0460 -3.4877 33.0286  
16.0800 -2.4335 33.0482  
16.1130 -1.2425 56.3509  
16.1470 -0.0596 18.2617  
16.1800 1.1117 22.6040  
16.2130 2.2592 18.8609  
16.2460 3.3093 15.1063  
16.2800 4.2743 11.0072  
16.3470 5.2357 11.8192  
16.3800 5.8955 -34.1939  
16.4130 6.3838 -18.9786  
16.4460 6.6971 -18.9542  
16.4800 6.7495 -22.0480  
16.5130 6.6151 -37.8003  
16.5460 6.2691 -41.5129  
16.5800 5.7240 -40.2459  
16.6130 5.0112 -35.7143  
16.6460 4.0537 -62.8206  
16.6800 2.9332 -24.6441  
16.7130 1.8016 -37.5432  
16.7460 0.6086 -37.5995  
16.7800 -0.6057 -24.6682  
16.8140 -1.8318 -25.4956  
16.8470 -2.9912 -17.6097  
16.8800 -4.0631 -14.9740  
16.9140 -5.0991 -29.7144  
16.9460 -6.2239 -64.5550  
16.9800 -6.9608 53.0961  
17.0130 -7.4519 49.0814  
17.0470 -7.7578 18.0558  
17.0800 -7.8783 18.5785  
17.1130 -7.8444 21.3668  
17.1470 -7.6255 28.9224  
17.1800 -7.2380 33.4738  
17.2130 -6.6552 44.2339  
17.2470 -5.8967 21.9298  
17.2790 -4.7434 58.8217  
17.3130 -3.6520 34.9186  
17.3460 -2.5902 40.0950  
17.3810 -1.4624 36.3768  
17.4130 -0.2705 39.2053  
17.4460 0.9130 18.8366  
17.4800 2.0729 21.9675  
17.5130 3.1846 18.8880  
17.5460 4.2004 15.1298  
17.5800 5.2353 27.5835  
17.6130 6.1288 14.1937  
17.6460 6.7295 -52.7695  
17.6800 7.1603 -11.0630  
17.7130 7.3761 -26.5596  
17.7470 7.4164 -14.7103  
17.7800 7.3299 -19.5811  
17.8130 6.9806 -57.0292  
17.8460 6.4353 -40.4742  
17.8810 5.7386 -29.0144  
17.9150 4.7412 -60.8450  
17.9460 3.5962 -32.5330  
17.9800 2.5014 -36.4163  
18.0120 1.2955 -46.4957  
18.0470 0.0932 -24.0099  
18.0790 -1.1300 -22.1703  
18.1130 -2.3626 -21.7500  
18.1460 -3.4647 -17.4895  
18.1800 -4.4701 -10.8458  
18.2130 -5.6085 -71.0664  
18.2480 -6.5792 -11.2164  
18.2800 -7.1467 94.5089  
18.3130 -7.5453 13.6569  
18.3470 -7.7215 21.6468  
18.3800 -7.7432 21.3524  
18.4130 -7.6079 26.0817  
18.4460 -7.3127 26.0477  
18.4800 -6.8003 46.8838  
18.5130 -6.1910 18.2174  
18.5470 -5.1657 53.3691  
18.5800 -3.8938 62.8126  
18.6130 -2.8822 12.7809  
18.6470 -1.7802 39.8672  
18.6800 -0.6036 44.8831  
18.7130 0.5674 19.6487  
18.7470 1.7269 21.9568  
18.7800 2.8628 18.8778  
18.8130 3.8767 11.3391  
18.8470 4.9361 31.0459  
18.8800 5.8824 20.7280  
18.9130 6.4599 -48.9327  
18.9470 6.9491 -13.5761  
18.9800 7.2276 -22.7683  
19.0130 7.2955 -18.9473  
19.0470 7.2360 -18.3693  
19.0800 6.9398 -49.1238  
19.1130 6.4444 -41.4952  
19.1460 5.7872 -37.6877  
19.1790 4.8526 -52.0687  
19.2130 3.7428 -31.4215  
19.2470 2.6643 -38.2850  
19.2800 1.4832 -45.0734  
19.3130 0.2931 -25.4939  
19.3470 -0.9087 -21.8231  
19.3800 -2.1311 -25.1775  
19.4130 -3.2407 -14.9550  
19.4460 -4.2464 -9.9954  
19.4800 -5.2973 -49.8627  
19.5130 -6.2925 -35.2022  
19.5470 -6.8911 85.2250  
19.5800 -7.3267 9.9363  
19.6130 -7.5522 18.5929  
19.6460 -7.6233 21.3238  
19.6800 -7.5340 25.3251  
19.7140 -7.2757 25.2904  
19.7460 -6.8331 42.1664  
19.7800 -6.2227 39.6371  
19.8130 -5.3432 30.1720  
19.8460 -4.1594 57.0188  
19.8800 -3.1724 27.3317  
19.9140 -2.0933 36.7467  
19.9460 -0.9165 49.6958  
19.9800 0.2666 22.5690  
20.0140 1.4258 18.2909  
20.0460 2.5613 19.4577  
20.0800 3.6243 18.3376  
20.1130 4.6438 27.6832  
20.1470 5.7056 41.7156  
20.1790 6.3585 -68.9711  
20.2140 6.8848 -9.6069  
20.2380 7.2236 -26.0992  
20.2800 7.3408 -14.8944  
20.3130 7.3188 -18.9342  
20.3460 7.0959 -42.0107  
20.3800 6.6628 -43.5448  
20.4140 6.0304 -40.2444  
20.4460 5.1857 -37.8407  
20.4800 3.9744 -66.0799  
20.5140 2.9206 -18.5786  
20.5460 1.7518 -46.4691  
20.5800 0.5463 -29.2024  
20.6130 -0.6805 -25.4088  
20.6490 -1.9190 -20.6393  
20.6800 -3.0771 -18.7535  
20.7140 -4.1366 -14.5315  
20.7460 -4.9844 23.3640  
20.7800 -6.0101 -87.9172  
20.8130 -6.5661 74.2431  
20.8470 -7.0511 2.3124  
20.8800 -7.3382 14.8844  
20.9130 -7.4435 25.0142  
20.9470 -7.3912 21.7190  
20.9800 -7.1785 26.0714  
21.0130 -6.7849 37.1903  
21.0470 -6.2082 39.3257  
21.0800 -5.6317 22.5943  
21.1130 -4.5491 62.7862  
21.1470 -3.5994 32.9613  
21.1800 -2.5453 34.0385  
21.2130 -1.4041 41.2577  
21.2460 -0.2212 37.6671  
21.2800 0.9500 18.2826  
21.3130 2.1099 22.6331  
21.3460 3.1969 15.1083  
21.3800 4.3801 67.6070  
21.4460 5.5990 16.7027  
21.4800 6.2869 -95.2229  
21.5130 6.8000 -18.9864  
21.5460 7.1383 -18.9613  
21.5800 7.2779 -18.3815  
21.6130 7.1616 -39.9076  
21.6470 6.8653 -34.6156  
21.6800 6.3576 -41.4780  
21.7130 5.6858 -34.5850  
21.7460 4.5767 -62.8632  
21.7820 3.2811 -21.1964  
21.8130 2.1741 -43.5832  
21.8460 1.0057 -37.5777  
21.8800 -0.1964 -28.3528  
21.9130 -1.3980 -18.7474  
21.9470 -2.5385 -20.7834  
21.9800 -3.6230 -18.7015  
22.0130 -4.5912 -6.2365  
22.0800 -5.6482 -30.2873  
22.1140 -6.2580 70.5265  
22.1460 -6.7547 11.5106  
22.1810 -7.0460 20.0655  
22.2110 -7.1394 24.6204  
22.2460 -7.0381 28.0961  
22.2800 -6.7767 28.8815  
22.3130 -6.2988 44.2196  
22.3460 -5.6483 33.5735  
22.3800 -4.8319 42.7492  
22.4130 -3.6251 56.8196  
22.4470 -2.6094 14.3207  
22.4790 -1.4929 43.0148  
22.5140 -0.3101 39.0031  
22.5460 0.8610 19.4210  
22.5790 1.9960 18.8540  
22.6140 3.0951 17.7991  
22.6460 4.0982 15.5935  
22.6790 5.0832 28.1118  
22.7130 6.0093 25.4096  
22.7470 6.5601 -55.2077  
22.7790 7.0122 -15.6704  
22.8130 7.2639 -18.4131  
22.8460 7.3167 -18.9473  
22.8790 7.2323 -22.7088  
22.9140 6.9112 -49.8673  
22.9490 6.4034 -35.5613  
22.9800 5.7522 -30.1272  
23.0140 4.7993 -61.4642  
23.0460 3.6654 -29.5604  
23.0790 2.5831 -41.2659  
23.1140 1.4145 -38.9589  
23.1460 0.2244 -26.2906  
23.1800 -0.9897 -25.4631  
23.2140 -2.1996 -20.7970  
23.2460 -3.2844 -15.4223  
23.2800 -4.2776 -9.7015  
23.3130 -5.1918 -4.3457  
23.3460 -6.1964 -90.7091  
23.3800 -6.7927 92.2591  
23.4130 -7.2036 14.8886  
23.4460 -7.4047 22.3028  
23.4800 -7.4634 17.1050  
23.5130 -7.3372 29.8108  
23.5470 -7.0543 25.2816  
23.5800 -6.5886 40.4449  
23.6130 -5.9668 37.3135  
23.6470 -5.2052 36.8761  
23.6800 -3.9563 56.9834  
23.7130 -2.9518 20.9906  
23.7470 -1.8455 44.3740  
23.7800 -0.6633 45.3325  
23.8130 0.5076 14.1646  
23.8460 1.6422 18.8451  
23.8800 2.7657 21.9786  
23.9130 3.8055 15.1167  
23.9460 4.8113 26.9971  
23.9800 6.0207 96.7496  
24.0130 6.6404 -121.6842  
24.0470 7.1533 -11.0662  
24.0800 7.4526 -18.9812  
24.1130 7.5274 -22.7451  
24.1470 7.4804 -22.0456  
24.1810 7.2435 -37.5593  
24.2180 6.7854 -39.5827  
24.2460 6.1406 -48.8646  
24.2800 5.2603 -43.0758  
24.3130 3.9211 -39.3778  
24.3470 2.8633 -35.3206  
24.3800 1.7069 -41.3030  
24.4130 0.5165 -29.2812  
24.4470 -0.6978 -29.0914  
24.4800 -1.8955 -17.7060  
24.5130 -3.0272 -18.6863  
24.5460 -4.0455 -10.0120  
24.5800 -5.0685 -41.6129  
24.6130 -6.3147 -112.0433  
24.6460 -6.9280 152.4251  
24.6800 -7.3884 9.6441  
24.7130 -7.6511 18.5929  
24.7470 -7.7437 21.6252  
24.7800 -7.6422 28.8603  
24.8130 -7.4085 22.3324  
24.8460 -6.9782 40.8887  
24.8800 -6.3924 36.0352  
24.9130 -5.5535 33.8158  
24.9460 -4.1560 57.2110  
24.9790 -3.1758 25.9764  
25.0130 -2.1028 36.9652  
25.0460 -0.9285 49.2759  
25.0800 0.2515 23.2944  
25.1130 1.3860 15.0743  
25.1460 2.5215 22.6388  
25.1800 3.5720 14.6680  
25.2130 4.5069 2.1225  
25.2800 5.3819 7.7034  
25.3140 6.0133 -16.1018  
25.3460 6.5088 -15.6660  
25.3790 6.8036 -22.7565  
25.4130 6.8733 -18.3815  
25.4470 6.7265 -40.3725  
25.4790 6.3929 -42.8187  
25.5140 5.8478 -39.1008  
25.5460 5.1257 -39.7360  
25.5800 4.2087 -55.2515  
25.6130 3.1708 -20.9906  
25.6460 2.0390 -45.0386  
25.6800 0.8482 -32.0935  
25.7130 -0.3539 -26.2128  
25.7460 -1.5645 -21.4840  
25.7800 -2.6994 -18.1273  
25.8130 -3.7550 -17.4895  
25.8460 -4.6943 -6.1971  
25.9140 -5.5940 -12.8876  
25.9470 -6.1854 36.4761  
25.9800 -6.6585 14.8803  
26.0140 -6.9095 21.6358  
26.0470 -6.9807 21.3813  
26.0800 -6.8794 26.0714  
26.1140 -6.5845 36.0965  
26.1530 -6.1053 31.4277  
26.1740 -5.4611 51.1267  
26.2130 -4.6299 42.7087  
26.2460 -3.6046 32.2467  
26.2800 -2.5766 36.2160  
26.3130 -1.4724 37.9785  
26.3470 -0.3051 40.1502  
26.3800 0.8537 18.8325  
26.4120 1.9886 19.4432  
26.4460 3.0632 18.3226  
26.4800 4.0526 11.0056  
26.5130 5.1785 73.9108  
26.5470 6.1718 9.9602  
26.5800 6.7683 -87.9535  
26.6130 7.1955 -14.0183  
26.6460 7.4223 -22.7565  
26.6790 7.4625 -15.1525  
26.7130 7.3785 -18.2861  
26.7460 7.0325 -60.5180  
26.7800 6.4997 -36.5998  
26.8130 5.8404 -27.0035  
26.8460 4.7300 -62.7945  
26.8830 3.4853 -27.1631  
26.9120 2.4069 -42.6949  
26.9460 1.2261 -43.7606  
26.9800 0.0487 -21.0801  
27.0140 -1.1530 -21.8279  
27.0460 -2.3755 -25.9508  
27.0800 -3.4353 -10.8878  
27.1130 -4.4037 -9.9954  
27.1810 -5.5923 -45.4895  
27.2140 -6.2520 97.4597  
27.2460 -6.7622 15.3496  
27.2790 -7.0872 18.5832  
27.3130 -7.1929 20.7244  
27.3470 -7.1409 25.3146  
27.3800 -6.9165 29.7664  
27.4130 -6.4618 44.5858  
27.4480 -5.9114 16.8094  
27.4800 -5.1452 57.1061  
27.5130 -3.8818 56.9186  
27.5470 -2.8772 18.4898  
27.5800 -1.7855 41.2876  
27.6130 -0.6186 41.3525  
27.6460 0.5400 18.8245  
27.6790 1.6746 18.8451  
27.7130 2.7858 21.9786  
27.7460 3.7997 15.1167  
27.7800 4.8731 34.8057  
27.8150 5.8554 26.1980  
27.8440 6.4399 -72.4249  
27.8790 6.9154 -13.2027  
27.9130 7.1919 -18.4131  
27.9470 7.2695 -18.3901  
27.9790 7.2363 -15.2219  
28.0130 6.9650 -51.7218  
28.0470 6.4820 -40.2747  
28.0800 5.8248 -37.6877  
28.1130 4.8965 -46.2929  
28.1470 3.7444 -38.8565  
28.1830 2.6907 -30.9905  
28.2130 1.5346 -49.5738  
28.2460 0.3568 -25.5085  
28.2800 -0.8449 -25.4576  
28.3130 -2.0688 -21.4413  
28.3470 -3.1784 -18.1415  
28.3800 -4.1841 -9.9954  
28.4130 -5.2301 -49.9062  
28.4470 -6.2466 -36.2453  
28.4800 -6.8430 87.2498  
28.5130 -7.2910 11.1680  
28.5460 -7.5290 18.5929  
28.5800 -7.6001 24.3168  
28.6130 -7.4985 26.0871  
28.6470 -7.2525 21.6755  
28.6800 -6.8099 40.8887  
28.7130 -6.2127 36.8483  
28.7460 -5.3383 34.0946  
28.7800 -4.1523 55.4071  
28.8130 -3.1725 24.7461  
28.8470 -2.1058 36.4163  
28.8800 -0.9640 41.3262  
28.9130 0.1944 30.1043  
28.9460 1.3164 15.0709  
28.9800 2.4395 21.9675  
29.0130 3.4899 18.8880  
29.0470 4.5526 39.3507  
29.1140 5.5225 2.9604  
29.1470 6.1293 -52.9785  
29.1800 6.5918 -18.9761  
29.2130 6.8679 -18.9519  
29.2460 6.9451 -18.9300  
29.2800 6.7734 -44.0227  
29.3130 6.4149 -41.5050  
29.3500 5.8574 -33.6180  
29.3800 5.0975 -46.6637  
29.4140 3.9981 -60.5208  
29.4460 2.8281 -15.8704  
29.4800 1.6966 -40.0830  
29.5130 0.5285 -30.0768  
29.5470 -0.6734 -28.3269  
29.5800 -1.8871 -22.5101  
29.6130 -3.0094 -17.6316  
29.6470 -4.0316 -10.8939  
29.6800 -4.9443 -4.4658  
29.7470 -5.6786 5.7173  
29.7800 -6.2022 1.5143  
29.8130 -6.6382 11.1587  
29.8470 -6.8552 24.2911  
29.8800 -6.8993 22.3722  
29.9130 -6.7732 22.3447  
29.9470 -6.4379 39.7033  
29.9800 -5.9230 36.8013  
30.0120 -5.2969 23.1517  
30.0470 -4.4674 53.9158  
30.0800 -3.5698 32.2467  
30.1130 -2.5402 41.4989  
30.1500 -1.4233 33.5512  
30.1790 -0.2651 42.7202  
30.2120 0.8814 18.8325  
30.2470 2.0163 17.7766  
30.2800 3.0786 18.8778  
30.3130 4.2351 65.3433  
30.3800 5.4467 19.2862  
30.4130 6.1410 -99.5683  
30.4460 6.6788 -15.1870  
30.4800 7.0171 -18.4036  
30.5120 7.1687 -19.5303  
30.5500 7.0706 -33.1371  
30.5800 6.7816 -42.8723  
30.6130 6.3025 -38.7829  
30.6470 5.6432 -34.6689  
30.6800 4.5800 -57.0284  
30.7130 3.2799 -32.6585  
30.7470 2.1979 -32.5018  
30.7800 1.0295 -41.3325  
30.8130 -0.1603 -25.4651  
30.8470 -1.3494 -18.1919  
30.8800 -2.4957 -25.1644  
30.9130 -3.5504 -11.2178  
30.9470 -4.5100 -9.7015  
31.0130 -5.5446 -29.1996  
31.0470 -6.1736 63.9090  
31.0800 -6.6335 18.5979  
31.1130 -6.9216 18.5738  
31.1470 -7.0027 20.7525  
31.1800 -6.9138 26.0714  
31.2130 -6.6648 29.7567  
31.2460 -6.1992 40.4878  
31.2830 -5.5776 32.1320  
31.3130 -4.7925 43.5445  
31.3460 -3.6074 62.7779  
31.3800 -2.5917 14.1060  
31.4130 -1.5245 34.1982  
31.4460 -0.3697 45.1159  
31.4800 0.7767 18.2747  
31.5130 1.8992 18.8495  
31.5470 2.9983 21.9843  
31.5800 4.0012 11.3391  
31.6130 5.0239 42.0370  
31.6460 6.0244 32.8466  
31.6790 6.5620 -77.4915  
31.7130 7.0140 -11.0599  
31.7460 7.2655 -26.5527  
31.7790 7.3307 -11.3657  
31.8130 7.2588 -22.0408  
31.8460 6.9501 -52.8896  
31.8800 6.4423 -36.6072  
31.9130 5.8057 -27.6650  
31.9460 4.8193 -63.9630  
31.9800 3.5748 -44.0617  
32.0130 2.5297 -17.0275  
32.0460 1.3611 -48.8263  
32.0800 0.2084 -21.1096  
32.1130 -0.9933 -26.2290  
32.1460 -2.1909 -21.4413  
32.1800 -3.2757 -18.1415  
32.2130 -4.2689 -9.9954  
32.2460 -5.3791 -63.1045  
32.2790 -6.3852 -32.4265  
32.3130 -6.9017 99.9487  
32.3470 -7.3252 10.8335  
32.3810 -7.5262 18.0366  
32.4100 -7.5850 24.2975  
32.4460 -7.4712 23.9082  
32.4800 -7.2006 25.2816  
32.5130 -6.7349 40.4449  
32.5470 -6.1131 36.2160  
32.5800 -5.1764 32.2947  
32.6130 -3.9438 57.2796  
32.6500 -2.9773 19.8945  
32.6800 -1.9228 41.6462  
32.7130 -0.7683 48.8556  
32.7470 0.3902 21.9228  
32.7800 1.5249 18.8451  
32.8120 2.6359 19.4577  
32.8470 3.6632 14.2489  
32.8800 4.6719 31.6414  
32.9470 5.4859 -13.1350  
32.9800 6.0734 -11.3983  
33.0150 6.5121 -21.4673  
33.0470 6.7633 -19.5394  
33.0800 6.7908 -18.9259  
33.1130 6.5942 -45.3487  
33.1460 6.1984 -41.5000  
33.1800 5.6160 -36.5817  
33.2130 4.8561 -38.6536  
33.2470 3.8048 -55.0142  
33.2800 2.7720 -21.0630  
33.3120 1.6281 -46.4630  
33.3470 0.4725 -24.8154  
33.3800 -0.7046 -25.4367  
33.4130 -1.8900 -21.4697  
33.4470 -2.9874 -18.1319  
33.4800 -3.9810 -10.0286  
33.5130 -5.0109 -48.7168  
33.5800 -5.7730 20.9338  
33.6130 -6.3153 9.9363  
33.6470 -6.7268 18.0461  
33.6800 -6.9191 21.3238  
33.7130 -6.9386 26.0925  
33.7470 -6.7881 25.2904  
33.7800 -6.4456 36.6831  
33.8130 -5.9061 41.0539  
33.8470 -5.2586 22.0098  
33.8800 -4.2425 63.0060  
33.9130 -3.1907 53.3180  
33.9470 -2.1363 10.3776  
33.9800 -0.9822 48.8405  
34.0130 0.1886 26.3438  
34.0470 1.3229 14.6277  
34.0800 2.4335 18.8586  
34.1120 3.4854 19.4730  
34.1470 4.4267 7.1285  
34.2140 5.4236 19.4606  
34.2460 6.0610 -47.3531  
34.2830 6.4598 -16.9292  
34.3100 6.7608 -23.1691  
34.3460 6.8382 -17.3564  
34.3790 6.6913 -41.5881  
34.4130 6.3702 -36.6337  
34.4460 5.8624 -37.7019  
34.4790 5.1718 -36.5440  
34.5140 4.2487 -59.2545  
34.5460 3.1266 -21.4780  
34.5790 2.0322 -37.5277  
34.6140 0.8764 -35.4304  
34.6460 -0.3133 -30.1249  
34.6800 -1.5147 -21.8378  
34.7160 -2.6372 -16.1894  
34.7460 -3.6721 -12.3395  
34.7800 -4.6156 -9.7015  
34.8470 -5.6178 -26.7549  
34.8800 -6.2087 61.7670  
34.9140 -6.6695 18.0509  
34.9470 -6.9485 17.5780  
34.9800 -7.0297 22.3771  
35.0140 -6.9161 28.9168  
35.0470 -6.6178 33.4686  
35.0800 -6.1399 36.7859  
35.1130 -5.5169 32.7276  
35.1470 -4.7128 43.5702  
35.1800 -3.5726 47.5134  
35.2130 -2.5556 24.4745  
35.2470 -1.4636 40.0830  
35.2800 -0.2931 41.3669  
35.3130 0.8657 18.8325  
35.3470 1.9884 18.2995  
35.3800 3.0630 18.8778  
35.4130 4.0535 11.3391  
35.4470 5.1969 76.7116  
35.4800 6.1599 -9.7840  
35.5130 6.7289 -71.8601  
35.5470 7.1545 -18.4280  
35.5800 7.3813 -18.9613  
35.6130 7.4216 -15.1525  
35.6470 7.3122 -25.7064  
35.6790 6.9662 -54.5251  
35.7140 6.4335 -35.5541  
35.7460 5.7742 -27.8474  
35.7800 4.6655 -55.4904  
35.8130 3.4823 -32.3280  
35.8460 2.4125 -37.5161  
35.8800 1.2690 -40.1048  
35.9130 0.1039 -25.4939  
35.9460 -1.0977 -26.2347  
35.9800 -2.2704 -17.1706  
36.0130 -3.3302 -18.6913  
36.0470 -4.2986 -9.7015  
36.1130 -5.5387 -54.6800  
36.1470 -6.2047 113.3709  
36.1800 -6.7272 11.1618  
36.2130 -7.0646 18.5832  
36.2460 -7.1952 21.3524  
36.2790 -7.1432 29.8047  
36.3140 -6.9065 28.0608  
36.3460 -6.4778 41.7381  
36.3800 -5.8644 36.2105  
36.4120 -5.0982 37.4145  
36.4470 -3.7827 53.8474  
36.4800 -2.7904 18.8674  
36.5130 -1.6986 41.2876  
36.5470 -0.5318 40.1363  
36.5800 0.6268 18.8245  
36.6130 1.7491 18.8451  
36.6470 2.8356 18.3131  
36.6800 3.8383 15.1125  
36.7030 4.8832 71.8667  
36.7470 5.9993 43.3988  
36.7800 6.5660 -109.3944  
36.8130 7.0332 -11.2634  
36.8460 7.3023 -18.7523  
36.8800 7.3732 -18.1785  
36.9130 7.3201 -18.7087  
36.9460 7.0447 -48.5619  
36.9800 6.5839 -36.1979  
37.0130 5.9379 -40.9863  
37.0470 4.9755 -44.4666  
37.0830 3.6972 -34.7121  
37.1130 2.6763 -34.5141  
37.1470 1.5456 -43.2366  
37.1800 0.3935 -25.2311  
37.2130 -0.7823 -25.9226  
37.2470 -1.9664 -20.5848  
37.2800 -3.0390 -14.7746  
37.3120 -4.0212 -10.2225  
37.3470 -5.0453 -50.6090  
37.3800 -6.2187 -91.0729  
37.4130 -6.7977 142.2675  
37.4460 -7.2286 13.5145  
37.4800 -7.4639 14.2647  
37.5140 -7.5464 20.4722  
37.5470 -7.4583 25.7878  
37.5800 -7.2273 22.0768  
37.6130 -6.8035 43.6468  
37.6470 -6.2374 32.2272  
37.6800 -5.4019 27.9775  
37.7130 -4.0602 62.2900  
37.7470 -3.1078 23.6251  
37.7800 -2.0897 33.3813  
37.8130 -0.9486 52.0008  
37.8460 0.1966 22.3237  
37.8800 1.3059 14.4596  
37.9130 2.4161 22.3725  
37.9460 3.4316 14.9339  
37.9800 4.4319 27.7779  
38.0460 5.2702 -10.5733  
38.0800 5.8696 -9.7910  
38.1130 6.3268 -18.7572  
38.1460 6.6120 -18.7338  
38.1800 6.6761 -14.5314  
38.2130 6.5187 -44.8455  
38.2470 6.1766 -39.8297  
38.2800 5.6378 -37.2666  
38.3130 4.9364 -34.3112  
38.3460 3.9361 -61.9622  
38.3800 2.9434 -18.2793  
38.4130 1.8371 -44.5303  
38.4460 0.6946 -29.7278  
38.4800 -0.4691 -24.4190  
38.5130 -1.6569 -22.2408  
38.5460 -2.7542 -17.4576  
38.5790 -3.7610 -13.6078  
38.6130 -4.7321 -25.6678  
38.6800 -5.5505 5.9005  
38.7140 -6.0923 21.1801  
38.7470 -6.5235 14.7007  
38.7800 -6.7382 21.0784  
38.8140 -6.7818 21.4603  
38.8470 -6.6696 22.0846  
38.8800 -6.3626 36.7599  
38.9130 -5.8658 40.0706  
38.9470 -5.2439 23.5605  
38.9830 -4.3485 51.7426  
39.0130 -3.3932 33.1568  
39.0460 -2.3875 37.0822  
39.0800 -1.3201 32.4249  
39.1130 -0.1873 40.8934  
39.1460 0.9339 18.6163  
39.1800 2.0438 18.0889  
39.2140 3.0940 18.1113  
39.2460 4.0489 11.5583  
39.3130 5.0354 16.6728  
39.3470 5.6907 -42.6461  
39.3800 6.2093 -11.2572  
39.4140 6.5437 -18.1916  
39.4470 6.7061 -18.7209  
39.4790 6.5978 -42.4044  
39.5130 6.3173 -32.6006  
39.5470 5.8399 -39.7995  
39.5790 5.1881 -35.2601  
39.6130 4.3133 -54.7218  
39.6460 3.2446 -24.9018  
39.6790 2.1873 -40.4900  
39.7130 1.0323 -39.6584  
39.7460 -0.1317 -21.4700  
39.7790 -1.3073 -22.2310  
39.8130 -2.4049 -16.9729  
39.8460 -3.4526 -18.4755  
39.8800 -4.3855 -6.0168  
39.9470 -5.4291 -33.3715  
39.9800 -6.0509 71.4339  
40.0130 -6.5299 18.3832  
40.0460 -6.8179 17.3755  
40.0800 -6.8982 21.4694  
40.1120 -6.8225 26.5780  
40.1470 -6.5763 27.7356  
40.1800 -6.1404 40.0262  
40.2130 -5.5340 33.1936  
40.2470 -4.7700 40.3275  
40.2800 -3.5962 56.4264  
40.3130 -2.6164 12.6354  
40.3470 -1.5614 39.9763  
40.3800 -0.4165 44.5998  
40.4120 0.7045 15.3536  
40.4470 1.8019 17.5640  
40.4800 2.8638 18.6506  
40.5130 3.8429 14.9379  
40.5470 4.8349 36.0058  
40.5800 5.7883 29.8567  
40.6130 6.3384 -65.7943  
40.6470 6.7972 -14.5741  
40.6800 7.0459 -22.4943  
40.7130 7.0979 -14.9783  
40.7470 7.0391 -18.1547  
40.7800 6.7463 -52.2850  
40.8140 6.2689 -36.1901  
40.8480 5.6695 -21.3733  
40.8800 4.7587 -59.0673  
40.9130 3.6258 -37.4590  
40.9370 2.5927 -48.8708  
40.9800 1.4744 -31.3400  
41.0130 0.3470 -25.2311  
41.0470 -0.8165 -25.1602  
41.0800 -1.9760 -17.5172  
41.1130 -3.0240 -18.4660  
41.1470 -3.9816 -9.6211  
41.1800 -4.9643 -29.6301  
41.2130 -5.9770 -66.3417  
41.2470 -6.5493 93.1491  
41.2800 -6.9679 11.0328  
41.3170 -7.1911 16.3831  
41.3470 -7.2614 23.2175  
41.3800 -7.1611 25.7826  
41.4140 -6.9181 24.9924  
41.4470 -6.4807 40.4114  
41.4800 -5.9017 32.9835  
41.5140 -5.1080 34.4095  
41.5470 -3.9087 56.5808  
41.5800 -2.8664 48.3673  
41.6140 -1.8259 10.1871  
41.6470 -0.6751 51.7919  
41.6800 0.4579 15.7280  
41.7130 1.5550 14.8978  
41.7470 2.6287 18.0932  
41.7800 3.6182 14.9300  
41.8130 4.7002 60.9710  
41.8800 5.4885 -26.3508  
41.9130 6.0569 -10.1040  
41.9470 6.3913 -21.8382  
41.9800 6.6417 -14.9818  
42.0130 6.6594 -18.7087  
42.0460 6.4650 -48.5619  
42.0800 6.0984 -36.1979  
42.1130 5.5349 -40.9863  
42.1470 4.7898 -38.9430  
42.1800 3.6760 -50.7639  
42.2130 2.6589 -24.1712  
42.2470 1.5528 -36.0256  
42.2800 0.4252 -28.9603  
42.3130 -0.7384 -25.9174  
42.3460 -1.9102 -21.2228  
42.3800 -2.9706 -14.3365  
42.4140 -3.9650 -16.7789  
42.4470 -4.7811 13.0359  
42.4800 -5.5501 -25.8652  
42.5140 -6.0729 23.1601  
42.5470 -6.5280 -3.6744  
42.5800 -6.8000 18.3783  
42.6140 -6.9190 16.8790  
42.6470 -6.8674 25.7984  
42.6800 -6.6607 25.7631  
42.7130 -6.2840 36.7547  
42.7470 -5.7301 35.3269  
42.7800 -5.1206 29.8999  
42.8130 -4.2393 56.5029  
42.8460 -3.3446 27.8919  
42.8800 -2.3268 32.6612  
42.9130 -1.2471 37.1220  
42.9470 -0.1022 36.0855  
42.9810 1.0191 18.0687  
43.0130 2.1168 19.2195  
43.0470 3.1549 18.1113  
43.0810 4.2204 43.3997  
43.1160 5.3456 45.2633  
43.1340 6.2561 -15.7261  
43.1800 6.8005 -59.5601  
43.2130 7.1720 -18.7572  
43.2470 7.3716 -14.5480  
43.2800 7.3867 -18.7167  
43.3130 7.2046 -41.1119  
43.3470 6.8380 -36.2156  
43.3810 6.2868 -36.1764  
43.4130 5.4687 -37.2574  
43.4470 4.2883 -59.9900  
43.4800 3.0672 -20.9133  
43.5130 1.9977 -37.0999  
43.5470 0.8674 -36.0557  
43.5800 -0.2964 -25.1732  
43.6130 -1.4597 -18.5278  
43.6470 -2.5693 -24.1429  
43.6800 -3.5924 -11.0882  
43.7130 -4.4874 1.5761  
43.7800 -5.4736 -31.4257  
43.8130 -6.0467 63.3866  
43.8470 -6.5023 14.2721  
43.8800 -6.7748 18.3599  
43.9130 -6.8550 21.1357  
43.9470 -6.7550 28.5855  
43.9800 -6.4846 33.0862  
44.0130 -6.0109 36.7185  
44.0470 -5.4175 24.4765  
44.0800 -4.6604 51.1653  
44.1130 -3.5809 33.8740  
44.1470 -2.5876 36.1979  
44.1800 -1.5239 36.0397  
44.2130 -0.3823 41.9593  
44.2500 0.7510 16.6002  
44.2660 1.8486 38.4300  
44.3130 2.8862 10.4774  
44.3470 3.8520 14.4986  
44.3800 4.7934 17.8201  
44.4130 5.6758 33.2973  
44.4470 6.2567 -55.7777  
44.4810 6.6775 -10.9262  
44.5130 6.9174 -19.3286  
44.5470 6.9571 -18.1703  
44.5800 6.8123 -37.3133  
44.6130 6.4825 -37.3946  
44.6470 5.9805 -36.1829  
44.6800 5.3408 -26.8008  
44.7140 4.4567 -54.5921  
44.7470 3.3688 -28.4241  
44.7800 2.3360 -40.7959  
44.8140 1.2055 -39.6468  
44.8470 0.0537 -25.2019  
44.8800 -1.1096 -22.2263  
44.9130 -2.2198 -21.1944  
44.9460 -3.2675 -18.4755  
44.9800 -4.2127 -6.0168  
45.0470 -5.4195 -52.2520  
45.0800 -6.0745 110.9454  
45.1130 -6.6033 9.8544  
45.1320 -6.9247 38.2801  
45.1800 -7.0416 14.5208  
45.2140 -6.9903 25.0194  
45.2470 -6.7806 25.7455  
45.2800 -6.3556 44.0773  
45.3130 -5.7485 36.6929  
45.3470 -5.0219 29.1329  
45.3800 -3.7588 56.4685  
45.4130 -2.7951 20.2383  
45.4460 -1.7404 37.4517  
45.4800 -0.6018 46.0362  
45.5130 0.5314 19.4821  
45.5470 1.6286 14.4628  
45.5800 2.7148 22.3780  
45.6130 3.6924 11.2019  
45.6470 4.6480 29.1019  
45.6800 5.8636 108.8383  
45.7140 6.4471 -131.1130  
45.7470 6.9305 -10.1040  
45.7800 7.2160 -22.5000  
45.8130 7.2956 -14.9818  
45.8470 7.2491 -18.1585  
45.8800 6.9809 -52.2934  
45.9130 6.5281 -33.5633  
45.9460 5.9031 -40.9863  
45.9800 5.0280 -44.4666  
46.0130 3.6640 -39.2935  
46.0460 2.6592 -26.2413  
46.0800 1.5285 -46.8368  
46.1140 0.3887 -24.4890  
46.1470 -0.7749 -22.2171  
46.1800 -1.9468 -21.2228  
46.2130 -3.0070 -18.4660  
46.2470 -3.9892 -9.6211  
46.2800 -4.9872 -45.7491  
46.3130 -6.1098 -83.5974  
46.3460 -6.6720 130.5250  
46.3800 -7.1151 9.5646  
46.4140 -7.3383 17.8287  
46.4470 -7.4057 22.0139  
46.4800 -7.3176 24.8755  
46.5130 -7.0988 18.3957  
46.5470 -6.6735 42.7970  
46.5830 -6.1065 30.2797  
46.6130 -5.2969 30.5661  
46.6470 -4.0248 54.8780  
46.6800 -3.0976 26.0024  
46.7130 -2.0811 36.8982  
46.7460 -0.9578 50.7610  
46.7800 0.1722 23.3414  
46.8130 1.2693 14.8978  
46.8470 2.3796 21.7145  
46.8800 3.3813 11.1989  
46.9130 4.2727 -0.3622  
46.9800 5.0570 -2.3231  
47.0140 5.6627 2.3739  
47.0470 6.1454 -11.2543  
47.0800 6.4322 -22.4833  
47.1130 6.5021 -14.9717  
47.1470 6.3515 -41.4973  
47.1800 6.0282 -37.4593  
47.2140 5.5016 -38.0560  
47.2460 4.8311 -33.4152  
47.2800 3.9579 -59.9900  
47.3010 3.0312 -32.8637  
47.3470 1.9618 -29.2784  
47.3800 0.8216 -32.7019  
47.4130 -0.3299 -25.9072  
47.4470 -1.5021 -20.6264  
47.4810 -2.5820 -14.3294  
47.5130 -3.5954 -17.8576  
47.5470 -4.6297 -44.2225  
47.5840 -5.5334 6.4056  
47.5990 -6.2624 -19.4474  
47.6470 -6.7385 38.2900  
47.6800 -7.0230 17.2489  
47.7130 -7.1390 18.3470  
47.7470 -7.0997 20.5566  
47.7800 -6.9174 22.0806  
47.8130 -6.5651 36.7547  
47.8470 -6.0355 35.3269  
47.8800 -5.2603 28.8451  
47.9160 -4.3415 46.5040  
47.9320 -3.2911 63.9997  
47.9800 -2.3068 24.5000  
48.0130 -1.1984 54.8780  
48.0470 -0.0808 20.5041  
48.0800 1.0160 14.8914  
48.1130 2.1014 18.6327  
48.1470 3.1271 18.1066  
48.1800 4.0821 14.9420  
48.2130 5.1108 51.2165  
48.2470 5.9895 5.1215  
48.2800 6.5462 -66.5809  
48.3130 6.9357 -15.0077  
48.3480 7.0822 -17.6675  
48.3800 7.0973 -19.3016  
48.4130 6.9538 -33.1784  
48.4470 6.6351 -33.4067  
48.4800 6.1085 -44.3742  
48.5130 5.4382 -28.6143  
48.5470 4.3944 -60.1351  
48.5800 3.2520 -24.5881  
48.6130 2.2192 -33.3813  
48.6460 1.1011 -40.8482  
48.6800 -0.0384 -24.4607  
48.7130 -1.2016 -25.9335  
48.7470 -2.3131 -16.9729  
48.7800 -3.3597 -14.7785  
48.8140 -4.2804 -6.0338  
48.8810 -5.4475 -50.8590  
48.9140 -6.0450 110.6153  
48.9470 -6.5251 11.0270  
48.9800 -6.8344 18.3599  
49.0140 -6.9391 20.5140  
49.0460 -6.8756 26.5780  
49.0680 -6.6295 44.1249  
49.1130 -6.1936 29.3526  
49.1470 -5.6033 31.0552  
49.1800 -4.8702 37.0656  
49.2130 -3.6106 56.2808  
49.2470 -2.6538 18.2793  
49.2800 -1.5988 40.8169  
49.3130 -0.4695 40.8796  
49.3470 0.6515 18.0613  
49.3800 1.7489 18.6285  
49.4130 2.8108 18.6506  
49.4470 3.7776 10.8725  
49.4800 4.7111 21.9067  
49.5130 5.7006 54.0339  
49.5470 6.2575 -72.6007  
49.5800 6.7027 -15.0117  
49.6130 6.9514 -18.7429  
49.6470 7.0157 -14.5378  
49.6800 6.9569 -18.7049  
49.7140 6.6641 -50.7472  
49.7460 6.1867 -38.4519  
49.7800 5.5991 -21.5323  
49.8140 4.7506 -55.4799  
49.8470 3.6003 -37.4115  
49.8800 2.5796 -35.5424  
49.9130 1.4737 -40.8370  
49.9470 0.3463 -24.4890  
49.9800 -0.8172 -25.9226  
50.0140 -1.9767 -17.0020  
50.0470 -3.0247 -18.4660  
50.0800 -3.9823 -9.9127  
50.1130 -4.9222 -16.8282  
50.1470 -5.9587 -83.8711  
50.1800 -6.5310 103.2409  
50.2140 -6.9375 14.2759  
50.2470 -7.1607 14.6933  
50.2800 -7.2311 21.1068  
50.3130 -7.1308 25.7826  
50.3460 -6.8877 25.7498  
50.3800 -6.4517 38.8074  
50.4140 -5.8613 35.8037  
50.4460 -5.1098 32.9742  
50.4800 -3.8865 54.9166  
50.5140 -2.9311 21.4035  
50.5470 -1.9252 30.0064  
50.5800 -0.7961 52.0008  
50.6130 0.3369 22.3237  
50.6470 1.4340 14.4596  
50.6800 2.5077 18.6415  
50.7140 3.4986 14.4909  
50.7470 4.5373 51.3418  
50.7800 5.5369 20.1344  
50.8130 6.1375 -64.3214  
50.8360 6.6331 -14.0434  
50.8800 6.9677 -14.0642  
50.9140 7.0690 -18.1785  
50.9470 7.0419 -16.5648  
50.9800 6.8308 -40.8685  
51.0130 6.4094 -45.0556  
51.0500 5.8090 -35.0851  
51.0650 4.9070 -88.1005  
51.1130 3.7751 -34.0708  
51.1460 2.7836 -21.7616  
51.1800 1.6896 -39.6210  
51.2130 0.5619 -28.9746  
51.2470 -0.5894 -25.1501  
51.2800 -1.7562 -21.2371  
51.3130 -2.8491 -18.4613  
51.3470 -3.8260 -9.6371  
51.3800 -4.8653 -58.2298  
51.4130 -5.7176 16.5918  
51.4470 -6.2773 37.9868  
51.4840 -6.7326 8.7891  
51.4980 -7.0169 25.9854  
51.5470 -7.1207 17.3027  
51.5800 -7.0692 21.1796  
51.6130 -6.8747 22.0806  
51.6470 -6.4980 35.6736  
51.6800 -5.9673 36.7111  
51.7130 -5.1840 18.3349  
51.7470 -4.2694 54.7321  
51.7800 -3.3787 31.8799  
51.8130 -2.3974 37.3167  
51.8470 -1.2726 52.9103  
51.8800 -0.1673 19.7761  
51.9140 0.9295 18.0650  
51.9470 2.0272 22.3619  
51.9800 3.0406 11.1932  
52.0130 4.0922 48.2758  
52.0470 5.2761 56.7035  
52.0800 6.2332 -12.2952  
52.1130 6.8020 -85.8149  
52.1470 7.1858 -18.2055  
52.1800 7.3402 -14.9888  
52.2130 7.3675 -18.7167  
52.2470 7.1978 -39.9027  
52.2800 6.8312 -37.3131  
52.3130 6.3046 -37.2726  
52.3470 5.5181 -29.5696  
52.3800 4.3162 -67.4706  
52.4130 3.0982 -17.2053  
52.4460 2.0408 -37.0960  
52.4810 0.9106 -38.5253  
52.5130 -0.2411 -22.1410  
52.5470 -1.4043 -21.5772  
52.5800 -2.4896 -17.4872  
52.6130 -3.5127 -18.4755  
52.6470 -4.4031 2.8603  
52.7140 -5.4983 -45.5832  
52.7480 -6.0593 91.6597  
52.7700 -6.5271 16.5405  
52.8000 -6.7998 24.2322  
52.8470 -6.8800 12.2636  
52.8810 -6.7921 28.5855  
52.9140 -6.5339 29.4121  
52.9470 -6.0846 40.3926  
52.9810 -5.4677 31.3757  
53.0140 -4.7151 44.0570  
53.0470 -3.4963 48.7498  
53.0800 -2.5151 22.4190  
53.1130 -1.4601 33.3993  
53.1480 -0.3428 38.5436  
53.1800 0.7782 19.1901  
53.2140 1.8634 18.0806  
53.2470 2.9132 18.6506  
53.2800 3.8667 11.2019  
53.3140 4.7254 3.5239  
53.3470 5.6738 71.2292  
53.3800 6.2020 -78.5948  
53.4140 6.6227 -9.8387  
53.4470 6.8590 -22.4888  
53.4800 6.9110 -14.9750  
53.5140 6.8258 -22.2796  
53.5470 6.5191 -48.5071  
53.5810 6.0171 -39.3334  
53.6130 5.3897 -27.6384  
53.6470 4.5644 -54.6751  
53.6800 3.4106 -28.3386  
53.7130 2.3815 -40.7959  
53.7470 1.2510 -39.6468  
53.7800 0.1360 -17.7992  
53.8130 -1.0151 -25.9226  
53.8470 -2.1483 -17.0020  
53.8830 -3.1787 -15.9004  
53.8970 -4.1117 -26.0059  
53.9470 -4.9271 5.8220  
53.9800 -5.9843 -129.5609  
54.0130 -6.5187 130.0533  
54.0470 -6.8860 9.5601  
54.0810 -7.0581 17.7521  
54.1130 -7.0992 22.6057  
54.1470 -6.9849 20.5220  
54.1810 -6.7282 24.8939  
54.2130 -6.2815 41.5120  
54.2470 -5.6656 39.0292  
54.2810 -4.9801 29.0234  
54.3130 -3.6815 58.0142  
54.3470 -2.7576 16.0022  
54.3800 -1.7432 37.2878  
54.4130 -0.6303 48.1147  
54.4470 0.4714 17.9892  
54.4800 1.5522 14.8412  
54.5130 2.6098 18.5706  
54.5470 3.5835 14.4356  
54.5840 4.4277 0.8421  
54.6060 5.5090 152.6462  
54.6340 6.0780 -116.6640  
54.6810 6.5594 -7.0787  
54.7130 6.8437 -23.1089  
54.7470 6.9324 -10.8631  
54.7800 6.9038 -16.9706  
54.8140 6.6489 -52.1816  
54.8480 6.2223 -32.4534  
54.8810 5.6242 -37.1211  
54.9140 4.8973 -38.0610  
54.9470 3.6672 -50.7501  
54.9800 2.6785 -25.8301  
55.0130 1.5888 -40.6726  
55.0470 0.4778 -28.0023  
55.0800 -0.6692 -22.1284  
55.1140 -1.8300 -20.5341  
55.1470 -2.8620 -14.7110  
55.1800 -3.8163 -9.9078  
55.2130 -4.8938 -74.4367  
55.2470 -6.0929 -72.7239  
55.2800 -6.6279 150.4995  
55.3130 -7.0416 10.9268  
55.3470 -7.2764 13.1580  
55.3840 -7.3436 19.5551  
55.3990 -7.2680 46.4836  
55.4470 -7.0380 17.6360  
55.4800 -6.6265 40.2590  
55.5130 -6.0738 32.9053  
55.5470 -5.1774 28.8427  
55.5810 -3.8480 54.6264  
55.6130 -2.9362 24.6850  
55.6470 -1.9411 35.1367  
55.6800 -0.8166 52.7398  
55.7130 0.2971 18.6703  
55.7290 1.3901 30.6100  
55.7800 2.4475 9.6118  
55.8140 3.4333 18.0422  
55.8470 4.3174 2.0831  
55.8800 5.3336 69.7521  
55.8960 6.0166 -92.1889  
55.9470 6.5224 -19.2568  
55.9800 6.8471 -18.6809  
56.0130 6.9362 -18.6582  
56.0470 6.9145 -14.4732  
56.0800 6.7170 -38.4145  
56.0960 6.3272 -89.5463  
56.1470 5.7536 -24.0230  
56.1800 5.0601 -34.2390  
56.2150 3.9513 -52.8631  
56.2470 2.9208 -21.6811  
56.2800 1.8676 -36.6097  
56.3130 0.7539 -37.0080  
56.3300 -0.3688 -41.5192  
56.3800 -1.5122 -13.9822  
56.4140 -2.5894 -17.8415  
56.4480 -3.5683 -13.1873  
56.4730 -4.5343 -43.9047  
56.4960 -5.3061 35.3732  
56.5470 -5.8847 1.5872  
56.5810 -6.3615 9.5280  
56.6140 -6.6693 14.6410  
56.6470 -6.7945 18.2814  
56.6800 -6.7796 21.0845  
56.7140 -6.6101 24.9107  
56.7480 -6.2591 35.5390  
56.7810 -5.7436 36.2603  
56.8140 -5.0385 24.1831  
56.8460 -4.2479 52.1545  
56.8630 -3.3606 61.6519  
56.9130 -2.3952 22.0974  
56.9290 -1.3439 83.8873  
56.9800 -0.2430 21.5637  
57.0130 0.8618 22.2479  
57.0470 1.9309 14.4111  
57.0800 2.9405 18.5796  
57.1130 3.8672 11.1592  
57.1290 4.8789 102.9695  
57.1800 5.7787 10.7796  
57.1960 6.3453 -142.7015  
57.2470 6.7398 -12.0907  
57.2800 6.9508 -14.9318  
57.2960 6.9903 -38.4567  
57.3470 6.8335 -24.0940  
57.3620 6.5050 -81.7899  
57.4140 6.0049 -21.2110  
57.4460 5.3617 -33.2257  
57.4620 4.3496 -127.5606  
57.5140 3.2143 -13.1233  
57.5470 2.1854 -36.9491  
57.5800 1.0838 -40.6940  
57.6170 -0.0392 -19.1033  
57.6320 -1.1858 -56.8251  
57.6800 -2.2793 -14.5157  
57.7140 -3.2865 -10.7154  
57.7470 -4.2160 -9.8748  
57.8130 -5.3676 -49.7668  
57.8290 -5.9625 220.4021  
57.8800 -6.4529 7.1079  
57.9140 -6.7610 17.7521  
57.9470 -6.8654 21.0554  
57.9800 -6.8143 25.6750  
57.9990 -6.5813 50.8989  
58.0470 -6.1470 27.4143  
58.0630 -5.6291 29.5026  
58.0970 -4.8988 52.8949  
58.1470 -3.6543 37.1244  
58.1800 -2.7012 18.5824  
58.2140 -1.6746 32.2874  
58.2470 -0.5617 44.4168  
58.2800 0.5550 22.2435  
58.3140 1.6361 14.4079  
58.3500 2.6694 13.6200  
58.3750 3.6325 24.5438  
58.4020 4.6573 40.3126  
58.4300 5.6834 64.6882  
58.4810 6.2252 -58.5424  
58.5140 6.6687 -11.2143  
58.5470 6.9409 -18.6715  
58.5800 7.0172 -14.9214  
58.6140 6.9586 -18.0859  
58.6470 6.6792 -52.0873  
58.6810 6.2281 -36.0537  
58.7130 5.6420 -23.0397  
58.7290 4.7600 -116.8586  
58.7810 3.5430 -29.5911  
58.8140 2.5385 -26.0983  
58.8470 1.4367 -40.6830  
58.8810 0.3258 -20.8185  
58.9140 -0.8089 -22.1284  
58.9470 -1.9641 -24.8328  
58.9810 -2.9838 -10.7100  
59.0140 -3.9136 -9.9078  
59.0480 -4.8581 -25.9842  
59.0800 -5.9187 -94.7338  
59.1140 -6.4302 116.2472  
59.1510 -6.8230 8.7849  
59.1690 -7.0334 26.8285  
59.2140 -7.1156 12.7376  
59.2470 -7.0279 29.3513  
59.2800 -6.7858 21.9859  
59.3140 -6.3757 38.6611  
59.3480 -5.8233 32.2635  
59.3800 -5.0658 36.4685  
59.3960 -3.8378 104.6214  
59.4470 -2.9315 14.4246  
59.4800 -1.9327 37.8789  
59.4960 -0.8221 100.0230  
59.5470 0.3066 14.8055  
59.5800 1.3753 11.1297  
59.6130 2.4326 18.5662  
59.6290 3.3953 22.9979  
59.6800 4.4493 39.4029  
59.7470 5.2101 -26.3295  
59.7800 5.7702 -10.0982  
59.7960 6.1952 -38.5100  
59.8490 6.4582 -6.9688  
59.8640 6.4997 -41.0031  
59.9140 6.3060 -31.9297  
59.9470 5.9529 -37.1543  
59.9800 5.4039 -40.8321  
60.0130 4.6862 -39.9722  
60.0470 3.5833 -54.1598  
60.0800 2.6191 -11.4619  
60.0960 1.5539 -83.8772  
60.1470 0.4551 -18.6774  
60.1810 -0.6919 -25.0548  
60.2060 -1.8472 -27.9264  
60.2290 -2.9036 -26.3871  
60.2810 -3.8700 -6.2772  
60.3140 -4.7506 -14.8150  
60.3300 -5.4826 10.4160  
60.3810 -6.0644 -6.6743  
60.4140 -6.5181 27.4057  
60.4470 -6.7892 14.6410  
60.4800 -6.8926 21.9352  
60.5140 -6.8412 20.4787  
60.5470 -6.6475 21.9971  
60.5800 -6.2722 36.6159  
60.5960 -5.7436 75.4314  
60.6470 -5.0873 15.4457  
60.6820 -4.2621 53.0209  
60.7140 -3.3046 30.7040  
60.7290 -2.3163 80.8562  
60.7800 -1.2650 21.8233  
60.8140 -0.1516 39.5405  
60.8460 0.9411 15.2985  
60.8800 2.0224 18.0160  
60.9140 3.0320 14.4283  
60.9320 4.0521 72.9260  
60.9800 5.1343 29.3310  
61.0130 6.1034 21.9752  
61.0470 6.6456 -96.6714  
61.0800 7.0172 -14.9466  
61.1140 7.2158 -18.1137  
61.1300 7.2309 -30.7620  
61.1810 7.0629 -26.2809  
61.2140 6.7201 -34.4289  
61.2290 6.1955 -88.4754  
61.2630 5.4395 -29.4585  
61.3130 4.3573 -37.0709  
61.3290 3.1096 -58.1406  
61.3800 2.0686 -23.9129  
61.4130 0.9426 -40.7059  
61.4290 -0.1924 -44.1142  
61.4810 -1.3512 -14.0546  
61.5140 -2.4335 -17.4207  
61.5470 -3.4508 -14.7221  
61.5800 -4.3378 -0.7370  
61.6510 -5.3230 -27.9339  
61.6670 -5.9183 127.8181  
61.7140 -6.3601 12.8514  
61.7470 -6.6197 18.2814  
61.7800 -6.6754 21.0845  
61.7960 -6.5879 45.3771  
61.8470 -6.3186 21.3279  
61.8800 -5.8710 36.5801  
61.8960 -5.3064 42.7715  
61.9470 -4.5567 35.8203  
61.9800 -3.4470 48.9916  
62.0130 -2.4939 14.5199  
62.0290 -1.4559 90.8110  
62.0810 -0.3422 26.1584  
62.1140 0.7503 14.6771  
62.1290 1.8315 40.8270  
62.1810 2.8653 11.7909  
62.2130 3.8151 11.5079  
62.2290 4.8038 67.0818  
62.2800 5.7468 26.8477  
62.3130 6.2716 -77.7371  
62.3290 6.6905 -36.2372  
62.3810 6.9148 -9.4759  
62.4090 6.9415 -21.9752  
62.4300 6.8111 -51.7933  
62.4800 6.5058 -22.7079  
62.5150 6.0057 -38.1590  
62.5470 5.3807 -27.5344  
62.5810 4.4631 -54.4696  
62.6140 3.3155 -28.2321  
62.6470 2.3146 -33.2496  
62.6800 1.2253 -44.3845  
62.6960 0.1145 -44.2077  
62.7470 -1.0200 -16.7098  
62.7800 -2.1033 -17.4506  
62.8130 -3.1337 -18.3956  
62.8290 -4.0632 -20.3668  
62.8800 -4.7857 23.3085  
62.9140 -5.7641 -129.7190  
62.9290 -6.2992 233.3998  
62.9800 -6.6921 6.3734  
62.9960 -6.8781 37.7232  
63.0460 -6.9211 14.4676  
63.0620 -6.7970 51.1700  
63.1160 -6.5427 13.4337  
63.1310 -6.0829 96.6045  
63.1810 -5.4818 21.7142  
63.2130 -4.9076 28.7884  
63.2290 -3.7065 116.0639  
63.2800 -2.7827 14.3072  
63.2960 -1.7821 68.2439  
63.3330 -0.6692 46.6589  
63.3800 0.4324 13.0135  
63.3960 1.5012 30.6100  
63.4470 2.5587 12.0163  
