Tempo Angle omega x y
s degrees degrees/s  
0.0000 1.8979 -79.9866  
0.0200 -0.7479 -136.1110  
0.0480 -3.4704 -22.5589  
0.0820 -5.7212 52.1256  
0.1150 -7.7896 -33.9367  
0.1490 -9.6511 -33.0975  
0.1830 -11.2658 -20.9215  
0.2150 -12.6560 -15.0888  
0.2480 -14.0341 -99.8274  
0.2820 -15.4660 -96.6105  
0.3150 -15.9247 212.5393  
0.3490 -16.0632 14.0726  
0.3820 -16.0360 31.0944  
0.4150 -16.0746 33.7546  
0.4490 -15.8746 37.2626  
0.4870 -15.4940 17.8942  
0.5150 -14.9335 38.8283  
0.5490 -14.2906 10.0536  
0.5820 -13.0674 76.0049  
0.6150 -11.1775 102.5308  
0.6490 -9.6715 93.3254  
0.6820 -7.9408 82.6173  
0.7160 -5.9980 92.5667  
0.7490 -3.8713 89.4697  
0.7820 -1.5509 97.1087  
0.8150 0.9269 68.2929  
0.8490 3.2941 -0.5764  
0.8820 5.6437 5.0654  
0.9160 8.1427 117.6915  
0.9490 9.9555 -105.4267  
0.9820 11.5211 21.2743  
1.0160 12.8712 16.7931  
1.0490 14.7176 245.7436  
1.0820 16.0604 -63.1047  
1.1150 16.4164 -201.9274  
1.1490 16.4768 -20.6540  
1.1820 16.4600 -23.9914  
1.2150 16.3237 -31.1765  
1.2490 15.6607 -37.1754  
1.2820 15.5186 52.3942  
1.3150 15.2285 -23.5639  
1.3500 14.5702 -88.9007  
1.3820 12.8051 -92.4300  
1.4150 10.9541 -89.1401  
1.4490 9.4762 -86.2547  
1.4820 7.7514 -96.1104  
1.5150 5.7902 -95.6265  
1.5490 3.6588 -80.2942  
1.5820 1.3558 -90.3281  
1.6160 -1.2551 -39.6983  
1.6490 -3.8681 -24.1929  
1.6860 -6.0673 27.7451  
1.7150 -8.0980 -43.8953  
1.7480 -9.9212 -26.2647  
1.7830 -11.5309 -22.7916  
1.8150 -12.8714 -15.0043  
1.8490 -14.3110 -121.9390  
1.8820 -15.6232 -44.1247  
1.9150 -16.0451 179.4625  
1.9490 -16.2841 14.0991  
1.9820 -16.3406 31.0803  
2.0150 -16.3883 33.8103  
2.0480 -16.1818 38.4493  
2.0820 -15.7308 46.4006  
2.1150 -15.1288 21.5867  
2.1490 -14.5141 -10.3571  
2.1820 -13.2335 76.1171  
2.2200 -11.4689 89.0672  
2.2490 -9.9791 109.4614  
2.2820 -8.2648 82.5435  
2.3160 -6.3381 92.6451  
2.3540 -4.2281 77.6133  
2.3810 -1.9249 118.4966  
2.4160 0.2387 5.2279  
2.4490 2.2670 -19.4474  
2.4820 4.4808 45.5808  
2.5150 6.5537 33.3941  
2.5490 8.3989 32.5564  
2.5820 9.9810 16.5056  
2.6150 11.3635 22.0305  
2.6490 12.6581 66.8205  
2.6820 13.8786 66.8984  
2.7150 14.3060 -143.4003  
2.7490 14.6607 -15.9708  
2.7820 14.9845 -28.8195  
2.8150 15.0550 -31.1678  
2.8490 14.9047 -32.5567  
2.8810 14.8133 53.0299  
2.9160 14.5843 -23.7746  
2.9490 13.9714 -94.3028  
2.9820 12.8580 -82.7999  
3.0160 11.2083 -92.8194  
3.0490 9.7372 -89.2654  
3.0830 8.0033 -93.2753  
3.1150 6.0465 -99.3705  
3.1490 3.8994 -86.2516  
3.1820 1.6155 -74.9456  
3.2150 -1.1084 -81.9529  
3.2490 -3.9630 -62.8840  
3.2820 -6.1691 102.1816  
3.3160 -8.2292 -37.4151  
3.3490 -10.0857 -33.9067  
3.3820 -11.7180 -21.3643  
3.4150 -13.0812 -14.5496  
3.4490 -14.4662 -99.9160  
3.4820 -15.4152 43.2352  
3.5160 -15.8879 67.3707  
3.5490 -16.0422 14.5264  
3.5820 -15.8800 31.0803  
3.6150 -15.9436 33.8103  
3.6530 -15.7372 37.5524  
3.6820 -15.2770 48.9468  
3.7160 -14.7890 -12.5715  
3.7490 -14.1742 23.8682  
3.7820 -12.9685 76.1171  
3.8160 -11.5671 99.5457  
3.8490 -10.0773 96.1933  
3.8830 -8.3630 80.1158  
3.9160 -6.4363 95.4525  
3.9490 -4.3262 89.3729  
3.9820 -2.0389 96.9517  
4.0150 0.1247 5.5447  
4.0520 2.2670 -17.3450  
4.0820 4.6508 106.8042  
4.1160 6.7237 -17.5869  
4.1490 8.5615 31.3234  
4.1820 10.1437 18.7252  
4.2160 11.5009 13.9512  
4.2500 12.6770 39.3905  
4.2830 13.8238 80.4812  
4.3160 14.2511 -121.0653  
4.3490 14.5900 -21.2665  
4.3820 14.9138 -24.0078  
4.4150 14.8143 -31.1678  
4.4490 14.6640 -32.5567  
4.4830 14.6194 61.5100  
4.5150 14.3718 -44.1281  
4.5490 13.7803 -87.1898  
4.5820 12.7628 -88.5235  
4.6160 11.1868 -86.1446  
4.6490 9.7157 -89.2654  
4.6820 7.9988 -95.7616  
4.7160 6.0445 -93.1427  
4.7490 3.9201 -82.6847  
4.7820 1.6363 -81.8604  
4.8160 -1.1081 -73.9615  
4.8490 -3.6252 26.1133  
4.8820 -5.8275 5.5286  
4.9160 -7.8649 -37.4151  
4.9490 -9.7214 -33.9067  
4.9820 -11.3537 -21.3643  
5.0150 -12.7181 -14.5496  
5.0490 -13.8771 -32.7484  
5.0860 -15.2381 -128.3489  
5.1150 -15.7108 213.1923  
5.1490 -15.8840 14.0991  
5.1820 -16.0409 31.0803  
5.2160 -16.1044 32.8159  
5.2490 -15.8980 43.2421  
5.2820 -15.4378 43.0139  
5.3160 -15.1189 -62.3145  
5.3490 -14.4911 79.0713  
5.3830 -13.5138 70.0419  
5.4160 -11.7232 102.5622  
5.4480 -10.2338 99.0502  
5.4820 -8.5195 80.2562  
5.5160 -6.5928 92.6451  
5.5490 -4.4828 89.3729  
5.5830 -2.1725 100.8567  
5.6160 0.1980 61.2567  
5.6490 2.5093 -82.1206  
5.6820 4.7016 42.9818  
5.7170 6.7745 33.9363  
5.7490 8.6038 29.6396  
5.7820 10.1954 24.0415  
5.8150 11.5526 11.6396  
5.8520 12.9487 95.6355  
5.8820 14.3129 87.7133  
5.9160 14.7173 -181.4681  
5.9490 14.8493 -21.2665  
5.9830 15.1731 -23.3017  
6.0160 15.2522 -31.1678  
6.0490 15.1019 -33.5433  
6.0830 14.6836 -50.9083  
6.1160 14.4455 78.6584  
6.1490 13.8579 -94.3028  
6.1830 12.6431 -80.3646  
6.2150 10.8496 -98.6206  
6.2500 9.3786 -84.1645  
6.2820 7.6617 -98.7541  
6.3160 5.7073 -93.1427  
6.3490 3.5601 -89.5996  
6.3830 1.2534 -79.4818  
6.4160 -1.1278 -75.0081  
6.4490 -3.4870 85.3081  
6.4830 -5.6932 -46.5068  
6.5160 -7.7533 -38.5489  
6.5490 -9.5937 -29.0522  
6.5830 -11.2101 -20.7480  
6.6150 -12.5584 -14.9922  
6.6990 -14.2226 -75.2993  
6.7150 -14.9425 405.3241  
6.7490 -15.3443 14.0991  
6.7820 -15.3960 31.0803  
6.8160 -15.6177 32.8159  
6.8490 -15.5385 43.2421  
6.8820 -15.2349 29.4587  
6.9160 -14.7696 19.3653  
6.9490 -14.2188 4.5188  
6.9820 -13.3689 76.1171  
7.0160 -11.5480 99.5457  
7.0490 -10.0581 96.1933  
7.0830 -8.3439 80.1158  
7.1150 -6.4172 98.4354  
7.1490 -4.3071 86.7443  
7.1820 -2.0198 96.9517  
7.2160 0.3724 59.4320  
7.2490 2.8371 41.9274  
7.2830 5.4009 33.5470  
7.3160 7.4738 -72.6518  
7.3480 9.3030 29.6396  
7.3830 10.8942 22.6677  
7.4160 12.2514 11.6396  
7.4490 14.1216 250.9049  
7.4830 15.3244 -109.5423  
7.5190 16.1242 -23.0901  
7.5490 16.2644 -152.5038  
7.5820 16.1870 -23.9924  
7.6150 15.8927 -31.1759  
7.6490 15.7117 -37.1767  
7.6820 15.4195 -4.9883  
7.7160 15.1465 29.0189  
7.7490 14.5337 -91.3657  
7.7830 12.8235 -79.2305  
7.8170 11.1688 -93.1920  
7.8490 9.3040 -91.6445  
7.8820 7.6034 -88.9006  
7.9160 5.6426 -99.8110  
7.9490 3.5153 -81.6203  
7.9820 1.2406 -82.9930  
8.0150 -1.2883 -81.9963  
8.0490 -3.8066 32.1356  
8.0830 -6.0025 6.1484  
8.1160 -8.0563 -38.5731  
8.1490 -9.8891 -29.0721  
8.1820 -11.4992 -21.3650  
8.2160 -12.8640 -14.1210  
8.2490 -14.1893 -90.8756  
8.2860 -15.2253 5.3661  
8.3160 -15.6915 98.6838  
8.3480 -15.8072 24.9662  
8.3860 -15.9615 18.5866  
8.4160 -16.0250 37.2158  
8.4490 -15.8185 43.2677  
8.4830 -15.4286 25.7346  
8.5150 -14.9275 12.6819  
8.5490 -14.3353 12.7075  
8.5820 -13.1690 83.0613  
8.6160 -11.7069 92.8644  
8.6490 -10.2233 96.2113  
8.6820 -8.5473 82.5169  
8.7160 -6.6269 92.6779  
8.7490 -4.5232 89.3376  
8.7830 -2.2656 87.2969  
8.8160 0.1124 62.9879  
8.8490 2.4364 -4.0969  
8.8830 4.6326 -24.8521  
8.9160 6.6893 40.7832  
8.9500 8.5250 27.8789  
8.9830 10.1226 24.0255  
9.0150 11.4863 12.0231  
9.0500 12.8806 98.7814  
9.0820 14.1034 38.5272  
9.1160 14.5604 -137.9476  
9.1490 14.7393 -21.2791  
9.1820 14.8525 -23.9924  
9.2150 14.9474 -31.1759  
9.2490 14.7655 -41.8120  
9.2820 14.7246 71.4655  
9.3160 14.4800 -36.6202  
9.3490 13.8820 -95.4157  
9.3820 12.6689 -81.6314  
9.4160 11.0157 -93.1920  
9.4490 9.5382 -88.8674  
9.4830 7.8376 -86.2859  
9.5160 5.8767 -102.8356  
9.5490 3.7458 -82.7248  
9.5830 1.4868 -79.4801  
9.6160 -0.9451 19.0567  
9.6500 -3.3595 -31.4596  
9.6830 -5.5395 -24.3885  
9.7160 -7.5933 -43.3805  
9.7490 -9.4262 -29.0721  
9.7830 -11.0363 -20.7366  
9.8170 -12.4010 -14.1210  
9.8500 -13.7632 -102.0439  
9.8820 -15.1968 -107.6385  
9.9160 -15.6629 205.0603  
9.9490 -16.1121 24.2096  
9.9830 -16.3836 20.7733  
10.0160 -16.4630 33.8325  
10.0490 -16.2565 43.2677  
10.0830 -15.7963 46.3991  
10.1160 -15.4947 -69.4158  
10.1490 -14.8981 74.8235  
10.1830 -13.6950 79.3486  
10.2160 -11.8317 95.6785  
10.2490 -10.3481 96.2113  
10.2830 -8.6727 79.9308  
10.3150 -6.7748 91.5710  
10.3500 -4.6712 90.6951  
10.3820 -2.3677 107.0948  
10.4200 -0.2424 -5.4046  
10.4490 2.2230 38.3024  
10.4820 4.4149 -8.0577  
10.5160 6.4558 34.9476  
10.5490 8.2916 33.5003  
10.5830 9.8732 18.6486  
10.6160 11.2375 16.4706  
10.6490 12.9318 188.8292  
10.6830 14.3569 14.1570  
10.7160 14.7522 -208.2067  
10.7490 15.1136 -16.4876  
10.7830 15.2847 -23.2867  
10.8160 15.3796 -31.1759  
10.8490 15.2134 -43.0790  
10.8820 14.9172 -5.9209  
10.9160 14.6885 38.4902  
10.9500 14.0942 -91.5162  
10.9830 12.6037 -82.7577  
11.0160 10.7495 -95.6284  
11.0490 9.2878 -89.2551  
11.0830 7.5861 -86.6145  
11.1160 5.6252 -102.4970  
11.1490 3.4943 -82.7248  
11.1820 1.2353 -81.8885  
11.2160 -1.2687 -77.8215  
11.2520 -3.6213 78.4395  
11.2830 -5.8050 -45.9183  
11.3160 -7.8428 -38.5473  
11.3490 -9.6770 -33.9052  
11.3830 -11.2871 -20.7366  
11.4160 -12.6507 -14.5489  
11.4840 -14.3999 -106.4365  
11.5170 -15.1362 224.1773  
11.5490 -15.5225 24.9662  
11.5830 -15.5735 20.7733  
11.6160 -15.7953 33.8325  
11.6500 -15.7320 41.9951  
11.6830 -15.4283 34.2624  
11.7170 -15.1648 -44.7183  
11.7500 -14.6163 65.0239  
11.7820 -13.7499 84.3079  
11.8160 -11.8441 92.8644  
11.8490 -10.3605 96.2113  
11.8830 -8.6845 80.0899  
11.9160 -6.7867 88.6321  
11.9490 -4.7285 82.4144  
11.9830 -2.4938 93.9274  
12.0190 -0.1242 68.8496  
12.0490 2.2952 -34.0480  
12.0830 4.4802 -5.8497  
12.1160 6.5211 38.1094  
12.1500 8.3410 27.8608  
12.1830 9.9139 21.3342  
12.2150 11.2617 14.8023  
12.2500 13.0653 213.7440  
12.2830 14.3612 -71.3919  
12.3170 15.0715 -78.3179  
12.3500 15.2333 -91.1027  
12.3820 15.4181 -24.7421  
12.4160 15.5199 -30.2590  
12.4500 15.3538 -41.8120  
12.4830 15.2806 56.8566  
12.5160 15.0283 -32.9264  
12.5500 14.4461 -83.0922  
12.5830 12.8464 -81.6314  
12.6170 11.1655 -93.1920  
12.6500 9.4803 -82.0052  
12.6820 7.7785 -99.1045  
12.7160 5.8152 -100.2210  
12.7490 3.6843 -81.9638  
12.7860 1.4435 -68.1140  
12.8160 -1.2507 -88.5765  
12.8490 -4.0225 -56.4714  
12.8830 -6.1867 95.6386  
12.9160 -8.2245 -43.3517  
12.9500 -10.0413 -28.1965  
12.9830 -11.6581 -21.3774  
13.0170 -13.0057 -14.1097  
13.0500 -14.3749 -109.8014  
13.0830 -15.6073 -40.4985  
13.1160 -16.0917 150.2999  
13.1490 -16.2304 24.2096  
13.1830 -16.1122 20.7733  
13.2160 -16.2074 33.8325  
13.2490 -16.0169 43.2677  
13.2830 -15.6238 31.3753  
13.3160 -15.0928 20.4064  
13.3490 -14.4998 4.2450  
13.3830 -13.2871 75.6946  
13.4160 -11.6250 95.6785  
13.4500 -10.1641 86.7190  
13.4830 -8.4881 89.3813  
13.5160 -6.5903 88.6321  
13.5500 -4.5321 79.9905  
13.5830 -2.2974 96.7737  
13.6150 0.0462 67.3604  
13.6490 2.4463 36.3955  
13.6820 4.7432 -26.9884  
13.7170 6.7684 -4.1150  
13.7490 8.5883 34.5249  
13.7830 10.1838 20.7067  
13.8160 11.5317 14.3537  
13.8500 12.7772 55.9068  
13.8830 14.0953 104.4257  
13.9160 14.5436 -166.8147  
13.9500 14.7218 -16.0192  
13.9830 14.6972 -23.9761  
14.0190 14.6671 -26.2796  
14.0500 14.5167 -43.4296  
14.0830 14.1144 -42.8716  
14.1160 13.8576 65.4306  
14.1500 13.2791 -80.6682  
14.1830 12.2148 -89.6319  
14.2160 10.5117 -89.1418  
14.2500 9.0658 -86.2537  
14.2830 7.3799 -89.2392  
14.3160 5.4349 -102.4970  
14.3490 3.3115 -82.7248  
14.3820 1.0708 -76.3702  
14.4160 -1.0923 -18.7437  
14.4490 -3.6301 -48.1436  
14.4830 -5.7980 28.1436  
14.5160 -7.7972 -38.5219  
14.5500 -9.6140 -32.8842  
14.5830 -11.2082 -21.3774  
14.6160 -12.5558 -14.5372  
14.6490 -13.8680 -91.7649  
14.6830 -15.3615 -133.6190  
14.7160 -15.8299 234.2825  
14.7490 -16.1706 19.3600  
14.7860 -16.2818 19.0890  
14.8190 -16.3771 33.8325  
14.8480 -16.2025 49.2357  
14.8830 -15.8030 32.3045  
14.9170 -15.3024 8.9754  
14.9500 -14.7219 9.7030  
14.9830 -13.5687 81.7531  
15.0160 -11.6455 95.6785  
15.0500 -10.2006 86.7190  
15.0830 -8.5246 89.3813  
15.1170 -6.6267 86.0253  
15.1500 -4.5686 82.4144  
15.1830 -2.3338 96.7737  
15.2160 0.0357 75.1087  
15.2490 2.2754 -30.0938  
15.2830 4.4673 -4.6425  
15.3160 6.4925 31.2330  
15.3490 8.3124 33.4787  
15.3830 9.9079 20.7067  
15.4160 11.2558 14.3537  
15.4500 12.9048 174.5916  
15.4830 14.4558 52.7157  
15.5160 14.9041 -237.3860  
15.5500 15.0659 -11.3554  
15.5830 15.2478 -23.9924  
15.6170 15.3427 -30.2590  
15.6530 15.1923 -39.4891  
15.6830 14.7900 -47.1588  
15.7170 14.5524 69.1466  
15.7500 13.9702 -90.0503  
15.7830 12.5250 -81.6314  
15.8170 10.5890 -93.1920  
15.8500 9.1658 -82.0052  
15.8830 7.4641 -96.1014  
15.9160 5.5259 -95.6249  
15.9490 3.3987 -88.4923  
15.9830 1.1626 -73.8118  
16.0160 -1.1794 -74.9666  
16.0500 -3.7433 3.8970  
16.0830 -6.0993 -27.0877  
16.1160 -8.1212 19.6325  
16.1500 -9.9221 -28.1762  
16.1830 -11.5229 -21.3900  
16.2170 -12.8545 -14.0985  
16.2500 -13.9798 -33.1258  
16.2820 -15.2928 -149.8707  
16.3160 -15.7498 177.9095  
16.3490 -15.9116 14.5143  
16.3830 -16.0000 25.4743  
16.4160 -15.8875 33.8089  
16.4500 -15.7129 37.3170  
16.4830 -15.2847 47.8051  
16.5160 -14.7199 20.0008  
16.5490 -14.1554 -14.5931  
16.5830 -13.2345 72.6529  
16.6160 -11.5182 95.6921  
16.6500 -10.1120 86.7382  
16.6830 -8.4365 96.0826  
16.7160 -6.5773 81.9439  
16.7500 -4.5350 86.6411  
16.7830 -2.3728 74.7811  
16.8160 -0.0710 90.1286  
16.8500 2.1520 -3.7644  
16.8840 4.3213 -29.9718  
16.9160 6.3535 34.3577  
16.9500 8.1803 32.4734  
16.9830 9.7827 21.3484  
17.0170 11.5904 153.6623  
17.0500 13.1674 12.0192  
17.0830 14.5083 17.7010  
17.1170 15.0133 -173.2306  
17.1500 15.1665 -16.5218  
17.1830 15.2533 -23.9600  
17.2160 15.3318 -33.4157  
17.2490 15.1814 -36.0380  
17.2820 14.7792 -42.8504  
17.3160 14.5288 65.3662  
17.3500 13.4610 -86.7604  
17.3830 12.0651 -87.3909  
17.4160 10.3167 -89.1141  
17.4500 8.8865 -79.6350  
17.4830 7.1950 -95.7188  
17.5160 5.2658 -95.9929  
17.5500 3.1548 -85.9070  
17.5830 0.9115 -76.1031  
17.6170 -1.4319 -71.0662  
17.6490 -3.9313 20.7353  
17.6830 -6.0849 14.9159  
17.7170 -8.0774 -37.4136  
17.7490 -9.8877 -34.9648  
17.7830 -11.4977 -20.7366  
17.8160 -12.8399 -14.5489  
17.8500 -14.1320 -78.4440  
17.8830 -15.3044 -52.2561  
17.9160 -15.7706 137.9308  
17.9500 -15.9408 15.9906  
17.9830 -16.0971 24.2902  
18.0160 -16.1765 38.6796  
18.0500 -16.0018 37.3406  
18.0830 -15.5962 36.0483  
18.1160 -15.3175 -59.8201  
18.1500 -14.7210 79.3749  
18.1830 -13.6107 74.8545  
18.2170 -12.0102 93.4515  
18.2500 -10.5719 88.7753  
18.2830 -8.8704 96.2466  
18.3170 -6.9792 79.3747  
18.3500 -4.9239 88.3989  
18.3850 -2.7231 77.8338  
18.4170 -0.3436 93.0177  
18.4490 2.3548 37.9927  
18.4830 4.5398 -71.6498  
18.5160 6.5877 33.3358  
18.5500 8.4284 32.4940  
18.5830 10.0554 24.0088  
18.6160 11.4033 11.6791  
18.6500 12.9678 143.1051  
18.6830 14.1057 -40.9149  
18.7160 14.6038 -111.3148  
18.7500 14.7656 -11.3554  
18.7830 14.7108 -28.7811  
18.8170 14.8126 -25.6111  
18.8500 14.6623 -43.0790  
18.8830 14.6301 69.3152  
18.9160 14.4014 -35.5795  
18.9490 13.8155 -96.5418  
18.9830 12.4547 -84.8096  
19.0170 10.9348 -86.5200  
19.0500 9.4888 -88.8919  
19.0830 7.7882 -88.8761  
19.1170 5.8683 -92.4300  
19.1510 3.7410 -86.6007  
19.1830 1.5096 -76.9547  
19.2160 -1.1968 -74.6369  
19.2500 -3.5336 74.1882  
19.2830 -5.6940 -43.1101  
19.3160 -7.6932 -38.5219  
19.3500 -9.5101 -32.8842  
19.3830 -11.1041 -21.3774  
19.4170 -12.4528 -14.1097  
19.4500 -13.7029 -65.3197  
19.4830 -14.7676 -33.0723  
19.5160 -15.2294 108.0873  
19.5540 -15.3970 12.6045  
19.5830 -15.7302 29.8665  
19.6170 -15.8254 28.1364  
19.6500 -15.6508 43.2677  
19.6840 -15.5703 -60.5726  
19.7170 -15.2449 52.8565  
19.7500 -14.6643 62.7644  
19.7830 -13.5984 81.7531  
19.8160 -12.1058 96.2416  
19.8500 -10.6995 79.5091  
19.8840 -9.0241 93.2566  
19.9160 -7.1422 91.5710  
19.9500 -5.0840 79.9905  
19.9830 -2.8991 81.6833  
20.0170 -0.2445 77.5543  
20.0500 2.3383 31.1226  
20.0830 4.5076 -62.5590  
20.1170 6.5328 36.9670  
20.1500 8.3350 28.6867  
20.1830 9.9461 23.9924  
20.2170 11.2788 11.3554  
20.2490 12.8022 151.2033  
20.2840 14.0043 -14.1077  
20.3160 14.5024 -135.7730  
20.3500 14.6823 -16.0192  
20.3830 14.6647 -28.7618  
20.4170 14.7746 -23.1805  
20.4500 14.6242 -40.7975  
20.4830 14.4586 24.0817  
20.5170 14.1801 -9.9423  
20.5500 13.6100 -76.6443  
20.5830 12.2652 -88.1335  
20.6170 10.6782 -85.7882  
20.6490 9.2323 -91.6445  
20.6840 7.5475 -83.8206  
20.7160 5.6410 -98.9624  
20.7500 3.5212 -85.8896  
20.7840 1.2851 -73.8118  
20.8160 -1.2778 -77.3093  
20.8500 -3.8416 -10.1850  
20.8830 -6.0710 24.6739  
20.9180 -8.0677 -16.6135  
20.9500 -9.8685 -29.9372  
20.9840 -11.4467 -20.7609  
21.0160 -12.7794 -14.9796  
21.0490 -13.8916 -29.1244  
21.0830 -15.2741 -165.4164  
21.1160 -15.7312 204.3991  
21.1500 -15.8930 14.0874  
21.1830 -15.9335 26.2463  
21.2170 -15.9439 32.8145  
21.2490 -15.7693 39.6493  
21.2830 -15.4050 27.6152  
21.3160 -15.1197 -45.3463  
21.3500 -14.5281 76.0007  
21.3830 -13.5977 73.5564  
21.4170 -11.7872 93.4110  
21.4510 -10.3583 86.1724  
21.4890 -8.6828 77.4782  
21.5170 -6.8010 104.6525  
21.5500 -4.7587 82.4144  
21.5830 -2.5698 82.8967  
21.6170 -0.2348 70.5713  
21.6500 2.2211 -8.7093  
21.6830 4.3633 -16.7459  
21.7170 6.3885 36.9670  
21.7500 8.1908 28.6867  
21.7870 9.7705 19.0405  
21.8160 11.1031 16.3219  
21.8500 12.5053 106.6483  
21.8830 14.0713 132.0449  
21.9160 14.5654 -241.9251  
21.9500 14.7651 -16.0192  
21.9840 14.8986 -27.9158  
22.0160 14.9928 -29.5461  
22.0500 14.8424 -34.9700  
22.0830 14.6048 2.2718  
22.1170 14.3810 24.7487  
22.1500 13.8109 -90.5766  
22.1830 12.5899 -87.3795  
22.2170 10.6389 -86.5200  
22.2500 9.2157 -82.0052  
22.2830 7.5298 -96.1014  
22.3170 5.6459 -86.1452  
22.3500 3.5383 -96.4660  
22.3830 1.3251 -68.0052  
22.4170 -1.1659 -79.4965  
22.4500 -3.6580 25.1582  
22.4840 -5.8184 9.6318  
22.5170 -7.8176 -38.5219  
22.5500 -9.6094 -26.2851  
22.5830 -11.2102 -24.1349  
22.6170 -12.5418 -14.0985  
22.6500 -13.6521 -21.7010  
22.6830 -15.1516 -214.3757  
22.7170 -15.6316 233.8364  
22.7500 -15.7933 14.5143  
22.7840 -15.9356 30.1720  
22.8170 -15.9990 33.7856  
22.8500 -15.8086 38.4238  
22.8830 -15.3895 43.0125  
22.9170 -15.0817 -56.1776  
22.9500 -14.4943 70.2055  
22.9730 -13.5884 107.3723  
23.0170 -11.6592 71.7589  
23.0500 -10.2530 82.4816  
23.0840 -8.5775 93.2566  
23.1170 -6.7116 88.7961  
23.1500 -4.6853 82.4144  
23.1830 -2.5161 81.6833  
23.2170 -0.2519 69.7228  
23.2500 1.9914 -64.2097  
23.2830 4.1379 40.8421  
23.3170 6.1631 36.9670  
23.3530 7.9672 26.2962  
23.3840 9.5783 25.5402  
23.4170 10.9109 11.6995  
23.4500 12.5717 188.2407  
23.4840 14.0930 38.9529  
23.5160 14.5911 -235.5106  
23.5500 14.7976 -16.0192  
23.5830 15.1369 -23.9761  
23.6160 15.2312 -33.4364  
23.6500 15.0808 -34.9700  
23.6830 14.6943 -42.8716  
23.7160 14.4483 66.5881  
23.7510 13.9009 -75.1065  
23.7830 12.4439 -90.0998  
23.8170 10.5603 -86.5482  
23.8500 9.1371 -88.8504  
23.8830 7.4749 -88.9214  
23.9170 5.5979 -86.4494  
23.9500 3.5358 -89.5076  
23.9830 1.3500 -73.5300  
24.0170 -0.9862 -85.8488  
24.0500 -3.4548 26.4524  
24.0840 -5.6221 11.3319  
24.1160 -7.6121 -34.7260  
24.1500 -9.4106 -30.2032  
24.1830 -10.9954 -24.1168  
24.2160 -12.3250 -11.5529  
24.2840 -14.0398 -99.8810  
24.3170 -14.7579 212.5340  
24.3500 -15.1855 14.4919  
24.3840 -15.2417 23.3730  
24.4170 -15.2825 31.1331  
24.4500 -15.2192 43.2137  
24.4830 -14.9029 42.9890  
24.5170 -14.6611 -52.1039  
24.5500 -14.1334 62.5208  
24.5830 -13.3248 73.5564  
24.6170 -11.4969 100.0641  
24.6510 -10.0772 86.1819  
24.6830 -8.4337 84.9264  
24.7170 -6.5765 86.1844  
24.7500 -4.5501 82.4144  
24.7830 -2.3968 81.6833  
24.8170 -0.1282 75.6519  
24.8500 2.0699 -75.0749  
24.8830 4.2032 42.8932  
24.9160 6.2284 40.7924  
24.9500 8.0080 27.8430  
24.9830 9.5738 23.9924  
25.0170 10.9064 11.3554  
25.0510 12.6526 207.8193  
25.0840 13.9064 -66.8153  
25.1170 14.4135 -144.5654  
25.1500 14.5999 -19.2407  
25.1830 14.9391 -28.7618  
25.2170 15.0339 -30.2766  
25.2500 14.8835 -33.4865  
25.2830 14.7440 31.9904  
25.3180 14.5122 -3.7681  
25.3390 13.9421 -142.6857  
25.3840 12.3972 -59.6109  
25.4170 10.7585 -95.2337  
25.4500 9.3262 -82.0052  
25.4840 7.6414 -92.9462  
25.5170 5.7576 -89.0943  
25.5500 3.7074 -81.5943  
25.5840 1.4942 -80.4394  
25.6170 -1.0948 -81.9055  
25.6500 -3.3811 87.7421  
25.6840 -5.5257 -46.4513  
25.7200 -7.5291 -35.2888  
25.7500 -9.3140 -31.9103  
25.7840 -10.8988 -20.7733  
25.8170 -12.2316 -19.3600  
25.8500 -13.4988 -69.2658  
25.8830 -14.9807 -146.6234  
25.9160 -15.4607 220.7350  
25.9500 -15.5906 23.4609  
25.9830 -15.9394 21.4287  
26.0170 -16.0187 32.7919  
26.0500 -15.8442 38.4238  
26.0830 -15.4163 47.7788  
26.1170 -14.8194 28.9073  
26.1500 -14.2321 -22.2241  
26.1830 -13.1691 74.8352  
26.2160 -11.3048 96.2416  
26.2510 -9.8758 83.7103  
26.2840 -8.2323 89.2174  
26.3170 -6.3664 88.7961  
26.3500 -4.3429 81.5467  
26.3840 -2.1738 80.1231  
26.4170 0.0622 68.0249  
26.4500 1.9907 -63.3756  
26.4830 4.1282 41.1133  
26.5170 6.1534 39.5927  
26.5500 7.9398 23.8979  
26.5830 9.5124 23.9761  
26.6170 10.8451 16.0192  
26.6500 12.4174 161.4319  
26.6840 13.6281 -27.2119  
26.7170 14.1262 -133.3953  
26.7500 14.3295 -21.3063  
26.7840 14.6628 -23.2553  
26.8160 14.7576 -32.1688  
26.8500 14.6072 -32.5016  
26.8840 14.3953 5.1158  
26.9170 14.0278 -23.1949  
26.9500 13.4578 -44.8820  
26.9840 12.0666 -84.8096  
27.0170 10.4738 -89.1418  
27.0510 9.0506 -79.5933  
27.0830 7.3816 -98.7554  
27.1170 5.4978 -86.4738  
27.1500 3.4476 -81.5943  
27.1830 1.2344 -82.8770  
27.2170 -1.2407 -71.9189  
27.2510 -3.5361 30.3351  
27.2830 -5.6807 0.8473  
27.3180 -7.6640 -36.2971  
27.3470 -9.4489 -33.0107  
27.3830 -11.0337 -19.6192  
27.4170 -12.3664 -18.7906  
27.4500 -13.6450 -72.6869  
27.4840 -15.1077 -133.3481  
27.5170 -15.5877 214.9216  
27.5500 -15.7434 24.1718  
27.5840 -15.9315 20.7985  
27.6170 -16.0108 33.7856  
27.6500 -15.8363 38.4238  
27.6840 -15.4524 33.4290  
27.7180 -15.1566 -46.6895  
27.7500 -14.5692 71.1567  
27.7840 -13.4950 72.6342  
27.8170 -11.6517 95.6785  
27.8500 -10.2454 82.4816  
27.8840 -8.6018 93.2566  
27.9170 -6.7359 88.7961  
27.9500 -4.7096 82.4144  
27.9840 -2.5365 80.4586  
28.0170 -0.2466 69.8029  
28.0500 1.9770 -68.1468  
28.0830 4.1078 40.8497  
28.1160 6.1173 38.0653  
28.1500 7.9056 27.8254  
28.1840 9.5008 23.2709  
28.2170 10.8334 16.5046  
28.2500 12.3234 136.4588  
28.2830 13.6820 42.6364  
28.3170 14.1603 -178.4715  
28.3510 14.3537 -16.0358  
28.3830 14.6929 -24.7088  
28.4170 14.7944 -30.2766  
28.4510 14.6598 -32.5016  
28.4830 14.4138 -5.2502  
28.5170 14.1939 30.9581  
28.5500 13.6238 -89.6112  
28.5830 12.3150 -87.3795  
28.6170 10.5714 -86.5200  
28.6500 9.1640 -82.0052  
28.6840 7.4939 -93.2749  
28.7170 5.6101 -88.7557  
28.7500 3.5564 -82.6410  
28.7840 1.3386 -80.7789  
28.8170 -1.1050 -73.5323  
28.8500 -3.6317 6.7318  
28.8830 -5.9512 -26.8096  
28.9170 -7.9185 18.7427  
28.9500 -9.7034 -33.8325  
28.9830 -11.2723 -16.5722  
29.0170 -12.5719 -14.0764  
29.0510 -14.0332 -133.6979  
29.0840 -15.4831 -79.1537  
29.1170 -15.9416 217.1726  
29.1500 -16.0936 19.3185  
29.1840 -16.1973 20.7862  
29.2170 -16.1010 33.7659  
29.2560 -15.9417 32.4936  
29.2840 -15.6925 -7.7541  
29.3170 -15.2499 42.0317  
29.3510 -14.6939 19.2699  
29.3840 -13.4366 74.7930  
29.4170 -11.6024 95.6252  
29.4510 -10.1903 86.6711  
29.4840 -8.5703 82.3083  
29.5170 -6.7280 88.7586  
29.5510 -4.7028 86.5929  
29.5840 -2.5537 75.9226  
29.6170 -0.4454 -18.9132  
29.6500 1.7809 77.7569  
29.6830 3.8948 -14.1783  
29.7170 5.8874 36.9037  
29.7500 7.6589 28.6342  
29.7840 9.2063 20.7364  
29.8170 10.5292 14.3151  
29.8500 12.1519 179.5735  
29.8840 13.5098 8.7166  
29.9160 13.9949 -194.4465  
29.9510 14.4878 -15.5848  
29.9850 14.6452 -23.2264  
30.0170 14.7393 -34.4190  
30.0500 14.5890 -36.0259  
30.0840 14.2029 -41.5462  
30.1170 13.6213 -37.9037  
30.1500 13.0605 20.6208  
30.1840 11.6164 -85.4769  
30.2170 9.8512 -88.3396  
30.2530 8.4376 -75.1693  
30.2840 6.7629 -101.8380  
30.3170 4.8732 -89.0714  
30.3510 2.8209 -80.2055  
30.3830 0.6176 -84.3688  
30.4170 -1.6860 -71.0167  
30.4500 -3.8377 8.1089  
30.4840 -5.9585 29.1143  
30.5170 -7.9156 -38.4745  
30.5500 -9.6769 -28.9924  
30.5840 -11.2381 -20.7610  
30.6170 -12.5315 -14.5056  
30.6500 -13.7978 -80.8556  
30.6840 -15.1102 -93.7465  
30.7170 -15.5670 177.4429  
30.7500 -15.7185 19.3334  
30.7840 -15.8262 20.7735  
30.8170 -15.9214 33.7891  
30.8510 -15.7628 37.2954  
30.8840 -15.3351 52.5414  
30.9250 -15.0622 -54.9531  
30.9520 -14.5096 85.8285  
30.9830 -13.4477 78.2471  
31.0170 -11.7268 100.0508  
31.0530 -10.3213 75.0504  
31.0840 -8.6858 94.7779  
31.1170 -6.8276 88.8945  
31.1510 -4.8120 79.1015  
31.1830 -2.6283 92.1482  
31.2170 -0.3664 73.9747  
31.2500 1.8787 -73.3486  
31.2840 4.0268 39.6256  
31.3170 6.0421 33.2784  
31.3510 7.8276 32.4342  
31.3830 9.4133 22.0174  
31.4170 10.7876 24.2272  
31.4500 12.2781 124.1258  
31.4840 13.5346 10.2533  
31.5170 14.3029 -58.5800  
31.5500 14.4789 -103.2583  
31.5840 14.8179 -23.2418  
31.6170 14.9120 -33.3964  
31.6500 14.7932 -31.2468  
31.6840 14.4070 -46.1966  
31.7180 14.1590 61.3616  
31.7500 13.5699 -80.8448  
31.7840 12.2806 -85.4934  
31.8170 10.6648 -88.3388  
31.8500 8.9717 -82.0123  
31.8840 7.3038 -92.8442  
31.9170 5.4233 -88.3411  
31.9500 3.3815 -82.2525  
31.9840 1.1696 -80.3938  
32.0170 -1.1496 -80.1037  
32.0510 -3.5669 32.5377  
32.0840 -5.7103 4.5818  
32.1170 -7.6740 -33.6542  
32.1500 -9.4579 -33.8127  
32.1840 -11.0417 -20.7610  
32.2170 -12.3577 -14.5056  
32.2510 -13.6722 -85.3214  
32.2840 -14.7215 -1.8756  
32.3170 -15.1852 94.6215  
32.3500 -15.3209 19.3185  
32.3840 -15.4965 20.7862  
32.4170 -15.5757 33.7659  
32.4500 -15.4014 43.1887  
32.4840 -15.0303 25.0637  
32.5170 -14.7608 -52.1812  
32.5510 -14.1898 74.6161  
32.5840 -13.0818 74.7930  
32.6170 -11.6502 96.1880  
32.6510 -10.2607 79.4652  
32.6840 -8.6407 89.1698  
32.7170 -6.8001 88.2589  
32.7510 -4.8004 79.5864  
32.7840 -2.6710 82.4575  
32.8170 -0.3723 77.1570  
32.8500 1.8763 -67.3909  
32.8840 4.0059 39.6256  
32.9180 5.9985 32.2996  
32.9500 7.7839 34.4613  
32.9840 9.3783 23.2573  
33.0170 10.7170 11.7132  
33.0510 12.2502 142.8529  
33.0840 13.5653 15.8950  
33.1170 14.0543 -167.8551  
33.1500 14.2499 -11.7337  
33.1840 14.5890 -23.2418  
33.2170 14.6831 -33.3964  
33.2500 14.5485 -36.0173  
33.2840 14.1623 -41.5664  
33.3170 13.8768 54.4709  
33.3500 13.3229 -69.6448  
33.3840 11.9950 -84.7620  
33.4170 10.3207 -89.0924  
33.4510 8.9298 -79.5494  
33.4840 7.2618 -95.7100  
33.5170 5.3790 -89.0449  
33.5500 3.3338 -82.5948  
33.5830 1.1422 -80.3883  
33.6170 -1.1598 -74.0375  
33.6510 -3.5767 19.0834  
33.6840 -5.7042 18.0214  
33.7190 -7.6705 -36.2527  
33.7510 -9.4384 -29.8774  
33.7840 -11.0064 -21.4031  
33.8170 -12.3064 -14.4944  
33.8510 -13.3680 -16.2816  
33.8840 -14.4813 -98.2939  
33.9170 -14.9496 115.0689  
33.9510 -15.1025 18.7503  
33.9840 -15.2495 21.4161  
34.0170 -15.3446 33.7659  
34.0500 -15.1703 43.1887  
34.0840 -14.7429 46.3219  
34.1170 -14.3440 -30.0416  
34.1510 -13.7847 33.1099  
34.1840 -12.9243 74.4749  
34.2170 -11.4252 95.2280  
34.2510 -10.0124 86.3176  
34.2840 -8.3924 82.1097  
34.3170 -6.5502 88.7586  
34.3510 -4.5476 79.9155  
34.3840 -2.4183 81.6188  
34.4180 -0.3931 15.6797  
34.4500 1.8641 41.5488  
34.4840 3.9895 -5.6799  
34.5180 5.9789 32.2996  
34.5500 7.8034 46.6561  
34.5840 9.3586 7.1222  
34.6170 10.6974 16.5121  
34.6510 12.2040 135.5429  
34.6830 13.6099 53.4026  
34.7170 14.0989 -190.4419  
34.7510 14.4959 -11.3886  
34.7840 14.7282 -9.6143  
34.8170 14.8223 -47.7282  
34.8510 14.6877 -34.9580  
34.8760 14.2625 -56.5303  
34.9170 13.8591 11.2250  
34.9510 13.3051 -28.2637  
34.9840 11.9996 -88.0841  
35.0170 10.2317 -88.3388  
35.0510 8.8409 -79.5494  
35.0840 7.1729 -95.7100  
35.1170 5.2428 -89.0449  
35.1500 3.1976 -82.5948  
35.1840 1.0288 -71.3269  
35.2170 -1.2503 -76.2153  
35.2510 -3.6225 -13.8954  
35.2830 -5.9428 -13.7802  
35.3170 -7.8907 24.0353  
35.3510 -9.6497 -30.1925  
35.3840 -11.2178 -24.0848  
35.4170 -12.5081 -11.5661  
35.4510 -13.6647 -47.0942  
35.4840 -14.9284 -115.0177  
35.5170 -15.4035 165.4458  
35.5510 -15.5968 8.9272  
35.5840 -15.6301 34.1558  
35.6170 -15.5166 31.1226  
35.6510 -15.3582 37.2491  
35.6840 -14.9397 47.7256  
35.7170 -14.2693 52.2263  
35.7510 -13.7196 -46.7383  
35.7840 -12.7641 74.4749  
35.8170 -11.1148 95.2280  
35.8510 -9.6954 92.9494  
35.8840 -8.0353 82.1368  
35.9170 -6.2176 81.8987  
35.9510 -4.2083 86.5929  
35.9840 -2.0334 88.5403  
36.0170 0.1916 62.9027  
36.0540 2.0390 -55.4615  
36.0840 4.1801 44.9007  
36.1170 6.1852 33.2974  
36.1510 7.9865 32.4545  
36.1840 9.5350 19.1761  
36.2170 10.8511 11.7132  
36.2510 12.3198 124.3850  
36.2830 13.5918 30.5173  
36.3170 14.0510 -153.1072  
36.3510 14.2482 -16.0264  
36.3840 14.5715 -23.9461  
36.4170 14.6731 -26.3839  
36.4500 14.5386 -38.2593  
36.4830 14.1523 -42.8472  
36.5170 13.8941 56.3030  
36.5510 13.3628 -68.9816  
36.5840 12.1178 -88.1024  
36.6180 10.4823 -86.1445  
36.6510 9.0983 -81.5273  
36.6840 7.4754 -88.8946  
36.7170 5.6379 -88.9961  
36.7510 3.5730 -92.4694  
36.7840 1.3884 -74.5344  
36.8170 -0.9063 -76.2153  
36.8510 -3.4588 -19.5471  
36.8840 -5.5932 55.6495  
36.9170 -7.5478 -33.6116  
36.9510 -9.3122 -30.1997  
36.9830 -10.8869 -24.8192  
37.0170 -12.2065 -11.2454  
37.0510 -13.4246 -56.4977  
37.0710 -14.6079 -139.8527  
37.1170 -15.0831 100.4864  
37.1510 -15.2271 23.4112  
37.1840 -15.2339 21.4428  
37.2170 -15.3131 33.7203  
37.2510 -15.1706 32.5829  
37.2840 -14.7679 47.7256  
37.3170 -14.3708 -25.7677  
37.3510 -13.8370 28.9617  
37.3840 -12.8653 74.4749  
37.4170 -11.2997 95.2280  
37.4500 -9.9035 88.7346  
37.4840 -8.3153 79.8875  
37.5170 -6.5276 81.9121  
37.5500 -4.5595 88.3449  
37.5840 -2.4302 80.0323  
37.6170 -0.1841 83.1147  
37.6510 2.2354 25.9589  
37.6840 4.3607 -59.2677  
37.7170 6.3502 33.2784  
37.7510 8.1198 27.7920  
37.7840 9.6757 23.9461  
37.8170 10.9987 11.7337  
37.8510 12.4475 116.5128  
37.8870 13.6477 11.9223  
37.9170 14.1367 -146.3545  
37.9510 14.3127 -11.3886  
37.9840 14.3214 -23.9461  
38.0170 14.4228 -31.1760  
38.0510 14.2883 -37.1131  
38.0840 13.9179 -42.8260  
38.1170 13.6558 56.7838  
38.1500 13.1176 -71.9577  
38.1840 11.8926 -85.4934  
38.2170 10.3331 -88.3388  
38.2510 8.9421 -79.6002  
38.2840 7.2967 -88.8201  
38.3170 5.4387 -88.3442  
38.3510 3.3897 -86.4668  
38.3840 1.2163 -75.9005  
38.4170 -1.0396 -67.8395  
38.4510 -3.3152 49.3073  
38.4840 -5.4427 -27.0939  
38.5170 -7.4065 -38.4499  
38.5510 -9.1744 -28.1199  
38.5840 -10.7423 -21.4031  
38.6170 -12.0648 -14.4944  
38.6510 -13.3284 -68.3938  
38.6840 -14.7810 -146.3627  
38.7170 -15.2517 221.6642  
38.7510 -15.4347 18.7360  
38.7840 -15.7147 21.4294  
38.8170 -15.7939 33.7429  
38.8510 -15.6196 37.2491  
38.8840 -15.2541 28.9716  
38.9180 -14.6350 53.7985  
38.9500 -14.0757 -33.6219  
38.9830 -13.0381 74.4749  
39.0180 -11.2033 89.7864  
39.0400 -9.8071 133.1020  
39.0840 -8.2030 61.7313  
39.1180 -6.3993 79.5029  
39.1510 -4.4126 89.1837  
39.1840 -2.2833 81.6188  
39.2170 0.0014 76.0246  
39.2500 1.9381 -49.9924  
39.2840 4.0635 23.8380  
39.3170 6.0529 33.2784  
39.3510 7.8226 27.7920  
39.3840 9.3784 23.9461  
39.4170 10.7014 11.7337  
39.4510 12.1832 126.2204  
39.4840 13.3823 3.5125  
39.5170 14.1763 -41.1379  
39.5500 14.3599 -108.9492  
39.5840 14.6295 -23.2264  
39.6170 14.7309 -26.3962  
39.6510 14.5963 -37.1131  
39.6840 14.2103 -47.5731  
39.7170 13.8260 24.4867  
39.7500 13.2878 -34.9135  
39.7840 12.0298 -85.4934  
39.8170 10.4686 -88.3388  
39.8500 8.7728 -81.9600  
39.8840 7.1657 -79.6232  
39.9170 5.3213 -95.8562  
39.9510 3.2723 -85.8111  
39.9840 1.0989 -75.9005  
40.0170 -1.1644 -74.8492  
40.0510 -3.3310 52.2382  
40.0840 -5.4585 -23.1039  
40.1170 -7.4064 -33.6328  
40.1510 -9.1743 -32.7953  
40.1840 -10.7423 -21.4031  
40.2180 -12.0875 -14.0681  
40.2510 -13.3022 -56.3310  
40.2840 -14.6596 -131.6432  
40.3180 -15.1302 187.1385  
40.3510 -15.2901 19.3038  
40.3840 -15.5569 21.4294  
40.4180 -15.6362 32.7505  
40.4510 -15.4620 43.1623  
40.4840 -15.0965 24.1873  
40.5180 -14.6527 2.2258  
40.5540 -13.9629 55.0666  
40.5840 -12.9720 38.4281  
40.6180 -11.2342 91.8809  
40.6510 -9.8380 89.2974  
40.6840 -8.2339 82.3083  
40.7180 -6.4302 79.5029  
40.7510 -4.4435 89.1837  
40.7840 -2.3261 82.8024  
40.8170 -0.0841 61.9275  
40.8510 2.1536 0.9542  
40.8840 4.1172 -22.9863  
40.9180 6.1066 41.5053  
40.9520 7.8624 23.1527  
40.9840 9.4024 24.6781  
41.0180 10.7254 16.0432  
41.0510 12.1482 112.1696  
41.0840 13.4229 44.2885  
41.1180 13.9080 -151.8563  
41.1510 14.1342 -16.5294  
41.1840 14.2782 -23.9302  
41.2060 14.4109 -39.5943  
41.2510 14.2606 -31.5375  
41.2840 13.8903 -42.8052  
41.3180 13.6489 61.1261  
41.3510 13.1107 -73.4052  
41.3840 11.9116 -88.0841  
41.4180 10.2749 -85.7406  
41.4510 8.8840 -81.9600  
41.4840 7.2770 -82.0360  
41.5200 5.4326 -87.8682  
41.5500 3.3801 -98.4033  
41.5850 1.2453 -64.0484  
41.6170 -0.8453 -30.3578  
41.6500 -3.2592 -34.9907  
41.6840 -5.3710 17.6309  
41.7170 -7.3189 -38.4255  
41.7510 -9.0708 -28.1004  
41.7850 -10.6229 -20.7862  
41.8180 -11.9521 -14.4833  
41.8500 -13.2346 -84.2569  
41.8840 -14.5377 -92.9121  
41.9180 -15.0312 172.2127  
41.9510 -15.4303 -0.8253  
41.9840 -15.5608 46.3887  
42.0180 -15.6558 28.0623  
42.0510 -15.4816 43.1623  
42.0840 -15.0702 42.9413  
42.1180 -14.6778 -26.3786  
42.1510 -14.1344 31.2496  
42.1840 -13.0788 73.5149  
42.2210 -11.3918 85.2873  
42.2510 -9.9956 98.2272  
42.2840 -8.3251 82.3083  
42.3180 -6.5373 79.5029  
42.3510 -4.5507 89.1837  
42.3840 -2.5740 40.1433  
42.4180 -0.3752 106.9903  
42.4510 1.7029 -63.7422  
42.4840 3.7969 36.0933  
42.5170 5.7738 38.0008  
42.5500 7.5296 28.6166  
42.5840 9.0696 23.2264  
42.6180 10.3768 11.4087  
42.6510 12.2773 261.6860  
42.6840 13.6762 -62.8013  
42.7170 14.2863 -198.8847  
42.7510 14.4939 -11.4087  
42.7840 14.8328 -23.9302  
42.8180 14.9582 -27.7749  
42.8510 14.8236 -40.7853  
42.8840 14.4534 -42.8052  
42.9210 14.0305 7.1322  
42.9510 13.5080 -20.2658  
42.9840 11.8338 -87.3306  
43.0180 10.0729 -86.4720  
43.0510 8.6978 -81.9600  
43.0840 7.0898 -82.3185  
43.1170 5.2454 -95.5737  
43.1510 3.2002 -86.8264  
43.1840 1.0699 -66.5935  
43.2170 -1.0931 -52.6794  
43.2510 -3.3384 -16.4821  
43.2870 -5.4502 20.2225  
43.3230 -7.4005 -35.2234  
43.3380 -9.1524 -63.6943  
43.3840 -10.7046 -15.3637  
43.4170 -12.0328 -14.4833  
43.4510 -13.3060 -76.5692  
43.4840 -14.5088 -68.1195  
43.5170 -15.0067 147.0090  
43.5500 -15.2511 24.1207  
43.5850 -15.3688 20.2175  
43.6170 -15.4638 29.8162  
43.6510 -15.2896 41.8928  
43.6880 -14.8782 38.2990  
43.7170 -14.3706 8.7788  
43.7510 -13.8273 -3.5359  
43.7850 -12.7778 72.2845  
43.8180 -11.1912 94.6652  
43.8520 -9.7950 86.6711  
43.8850 -8.2068 82.3083  
43.9170 -6.4190 84.4719  
43.9510 -4.4550 79.8863  
43.9840 -2.3604 82.7561  
44.0170 -0.2910 35.3118  
44.0510 1.6563 -28.4453  
44.0840 3.7504 40.8426  
44.1180 5.7084 32.2637  
44.1510 7.4641 33.3760  
44.1850 8.9883 18.5750  
44.2180 10.2798 11.7751  
44.2510 11.5872 86.7515  
44.2840 13.0071 116.3620  
44.3170 13.6895 -140.7056  
44.3510 14.0105 -72.0011  
44.3880 14.3494 -21.3293  
44.4170 14.4434 -37.9567  
44.4510 14.3245 -30.3495  
44.4850 13.9542 -41.5462  
44.5170 13.7076 58.3856  
44.5510 13.1783 -71.7257  
44.5840 12.0720 -88.0672  
44.6180 10.3129 -79.1026  
44.6510 8.7475 -81.9600  
44.6840 7.1338 -88.8724  
44.7170 5.3051 -89.0198  
44.7510 3.2948 -85.8111  
44.7840 1.1372 -75.9005  
44.8180 -1.1262 -72.6478  
44.8510 -3.4925 25.3980  
44.8840 -5.5817 10.1120  
44.9180 -7.4911 -32.6231  
44.9510 -9.2430 -33.7659  
44.9840 -10.7951 -21.4161  
45.0180 -12.1017 -14.0573  
45.0510 -13.3749 -78.8967  
45.0870 -14.7509 -109.5721  
45.1180 -15.2215 211.2319  
45.1510 -15.3655 24.1207  
45.1840 -15.5226 21.4428  
45.2180 -15.6018 32.7285  
45.2510 -15.4593 33.5703  
45.2840 -15.0478 47.7256  
45.3180 -14.7433 -52.2175  
45.3510 -14.1999 57.8716  
45.3840 -13.1504 74.4749  
45.4170 -11.3941 94.6652  
45.4510 -10.0206 80.0114  
45.4850 -8.4553 79.7846  
45.5180 -6.6676 88.8795  
45.5510 -4.7195 82.3071  
45.5840 -2.6356 74.7122  
45.6180 -0.6106 28.9966  
45.6500 1.6641 22.5921  
45.6840 3.7426 -1.5824  
45.7060 5.7006 56.9699  
45.7510 7.4406 20.9728  
45.7850 8.9874 23.2113  
45.8180 10.3019 11.7751  
45.8510 11.8886 171.3835  
45.8840 13.1696 -10.3388  
45.9180 13.6726 -156.3081  
45.9510 14.0381 -11.7751  
45.9840 14.2525 -23.9146  
46.0180 14.3692 -30.2775  
46.0510 14.2346 -38.1956  
46.0840 13.8801 -38.0397  
46.1180 13.6014 45.5005  
46.1510 13.0720 -64.1622  
46.1840 11.6865 -88.0672  
46.2180 10.0649 -79.4787  
46.2510 8.6828 -88.4554  
46.2840 7.0690 -81.9896  
46.3170 5.2404 -89.0198  
46.3510 3.2229 -85.8111  
46.3840 1.0811 -75.9005  
46.4210 -1.0763 -38.1118  
46.4510 -3.4692 -26.9560  
46.4850 -5.5583 27.0772  
46.5180 -7.4678 -33.6116  
46.5520 -9.2184 -32.7728  
46.5840 -10.7478 -22.0854  
46.6170 -12.0544 -14.4833  
46.6510 -13.1495 -24.1715  
46.6840 -14.2969 -104.2855  
46.7170 -14.7675 129.1895  
46.7510 -15.0176 23.4112  
46.7840 -15.1160 21.4428  
46.8180 -15.2110 28.0623  
46.8510 -15.0685 38.3779  
46.8840 -14.6727 42.9644  
46.9180 -14.1385 19.9411  
46.9510 -13.5952 -11.7124  
46.9840 -12.7465 67.6089  
47.0180 -11.2395 92.4398  
47.0510 -9.8659 88.7262  
47.0840 -8.3007 82.2023  
47.1210 -6.5355 73.1662  
47.1510 -4.5716 98.0670  
47.1840 -2.4877 74.7122  
47.2170 -0.2798 80.5467  
47.2510 1.6408 -64.5424  
47.2850 3.7193 35.0421  
47.3180 5.6999 37.9799  
47.3510 7.4607 28.5992  
47.3840 9.0076 23.9146  
47.4180 10.3220 11.4287  
47.4550 11.8245 123.9847  
47.4840 13.0550 7.6606  
47.5180 13.7882 -73.7474  
47.5510 13.9865 -81.5380  
47.5840 14.3254 -23.9146  
47.6180 14.4422 -30.2775  
47.6510 14.3233 -33.4301  
47.6850 13.9687 -41.5462  
47.7180 13.4102 -37.9037  
47.7510 12.8809 20.6208  
47.7840 11.6022 -88.0672  
47.8180 10.0311 -79.4787  
47.8510 8.4188 -88.4554  
47.8750 6.8050 -112.7356  
47.9180 4.9786 -67.7990  
47.9510 2.9611 -89.0870  
47.9840 0.8035 -75.9005  
48.0180 -1.4542 -71.0038  
48.0510 -3.5609 7.8968  
48.0840 -5.6500 25.9195  
48.1180 -7.5753 -37.2954  
48.1510 -9.3259 -28.9520  
48.1840 -10.8553 -21.4161  
48.2170 -12.1620 -14.4833  
48.2510 -13.2327 -16.3602  
48.2840 -14.3539 -104.3845  
48.3180 -14.8245 117.6745  
48.3510 -14.9900 19.3038  
48.3840 -15.1109 21.4294  
48.4180 -15.2059 32.7505  
48.4510 -15.0475 38.3779  
48.4840 -14.6518 42.9644  
48.5180 -14.3797 -57.1454  
48.5510 -13.8363 67.7100  
48.5860 -13.0142 63.7455  
48.6180 -11.5334 98.2172  
48.6520 -10.1598 86.1167  
48.6850 -8.5787 82.2023  
48.7180 -6.7750 88.8795  
48.7510 -4.8137 81.4969  
48.7840 -2.7299 75.5225  
48.8170 -0.6002 56.8554  
48.8510 1.5882 -39.8778  
48.8850 3.6823 37.9712  
48.9180 5.6630 33.2414  
48.9510 7.4395 33.3760  
48.9840 8.9864 19.1379  
49.0180 10.3166 16.0601  
49.0510 11.8786 159.1241  
49.0840 13.1810 2.8401  
49.1170 13.6840 -166.7359  
49.1510 13.9605 -11.4287  
49.1840 14.2937 -23.9146  
49.2180 14.3948 -30.2775  
49.2510 14.2759 -33.4301  
49.2870 13.9057 -39.2381  
49.3180 13.6324 51.6727  
49.3510 13.0873 -65.8239  
49.3840 11.7265 -88.0672  
49.4180 10.0874 -79.1026  
49.4520 8.7053 -86.2298  
49.4840 7.0915 -84.5517  
49.5180 5.2651 -85.7458  
49.5510 3.2477 -89.0870  
49.5840 1.0901 -75.9005  
49.6180 -1.1677 -71.0038  
49.6510 -3.5146 21.5280  
49.6840 -5.6037 12.2882  
49.7180 -7.5290 -37.2954  
49.7510 -9.2809 -28.9520  
49.7850 -10.8103 -20.7862  
49.8170 -12.1170 -14.9359  
49.8510 -13.2061 -21.7780  
49.8850 -14.3358 -98.3925  
49.9180 -14.7905 128.6434  
49.9510 -14.9560 14.4723  
49.9880 -15.1059 23.4208  
50.0180 -15.2010 31.8039  
50.0410 -15.0425 55.0640  
50.0850 -14.6468 32.2233  
50.1180 -14.3347 -46.7660  
50.1510 -13.7914 55.5989  
50.1850 -12.9509 65.6204  
50.2180 -11.4615 95.2410  
50.2510 -10.1039 88.7262  
50.2840 -8.5228 82.2023  
50.3180 -6.7351 86.2654  
50.3510 -4.7738 81.4969  
50.3850 -2.6899 73.3013  
50.4180 -0.4824 80.4277  
50.4510 1.8644 -4.5573  
50.4850 3.9584 -20.3623  
50.5180 5.9391 33.2414  
50.5510 7.7156 33.3760  
50.5840 9.2542 16.6174  
50.6180 10.5686 13.8751  
50.6510 12.0751 147.0740  
50.6880 13.3312 4.9923  
50.7170 14.0650 -94.1404  
50.7510 14.2637 -79.3136  
50.7840 14.3985 -23.9146  
50.8180 14.4996 -30.2775  
50.8510 14.3808 -33.4301  
50.8840 14.0105 -42.8052  
50.9190 13.7412 44.5206  
50.9510 13.2118 -66.5174  
50.9840 11.9066 -88.0672  
51.0180 10.3126 -79.4787  
51.0510 8.6997 -88.4554  
51.0840 7.0859 -81.9896  
51.1180 5.2595 -85.7458  
51.1510 3.2420 -89.0870  
51.1840 1.0844 -75.9005  
51.2180 -1.1553 -65.7065  
51.2510 -3.5036 14.3424  
51.2840 -5.5927 14.0160  
51.3180 -7.5021 -32.6231  
51.3520 -9.2528 -32.7728  
51.3850 -10.7822 -21.4161  
51.4180 -12.0888 -14.4833  
51.4510 -13.1871 -25.2309  
51.4850 -14.3406 -102.6733  
51.5180 -14.7953 135.8469  
51.5510 -14.9629 19.2892  
51.5850 -15.1071 20.8121  
51.6180 -15.1863 33.7203  
51.6510 -15.0438 33.5703  
51.6840 -14.6480 42.9644  
51.7170 -14.3425 -48.7475  
51.7520 -13.8219 47.7989  
51.7840 -12.9721 76.8214  
51.8180 -11.4590 92.4398  
51.8510 -10.1014 88.7262  
51.8840 -8.5362 82.2023  
51.9180 -6.7710 79.6221  
51.9510 -4.8229 89.1518  
51.9840 -2.7391 74.7122  
52.0180 -0.5945 59.5550  
52.0520 1.6928 -5.3181  
52.0840 3.7940 -5.9070  
52.1180 5.7590 32.2461  
52.1520 7.5197 32.3749  
52.1850 9.0583 21.3942  
52.2180 10.3727 14.2956  
52.2520 11.9238 149.2211  
52.2750 12.9869 -84.2809  
52.3180 13.4899 -72.9083  
52.3510 13.7515 -11.7751  
52.3850 13.9523 -23.2113  
52.4180 14.0619 -33.3559  
52.4520 13.9430 -34.9749  
52.4850 13.7205 1.9687  
52.5170 13.2620 -51.6935  
52.5520 12.5954 -45.9740  
52.5850 11.2681 -46.4711  
52.6180 9.8657 -81.4997  
52.6510 8.4836 -88.8428  
52.6850 6.8698 -79.5781  
52.7180 5.0434 -88.3442  
52.7510 3.0331 -89.0870  
52.7850 0.8912 -73.6681  
52.8180 -1.4985 -73.1554  
52.8510 -3.6421 24.5001  
52.8850 -5.5939 9.0421  
52.9180 -7.5033 -33.6116  
52.9510 -9.2553 -33.7659  
52.9850 -10.7847 -20.7862  
53.0210 -12.0913 -13.2763  
53.0510 -13.2177 -37.1155  
53.0850 -14.4345 -113.0368  
53.1170 -14.8892 159.8798  
53.1510 -15.0388 18.7219  
53.1860 -15.1985 20.2175  
53.2180 -15.2777 34.7741  
53.2510 -15.1352 33.5703  
53.2850 -14.7237 46.3219  
53.3180 -14.4187 -53.6568  
53.3510 -13.8753 57.7285  
53.3850 -12.9975 65.6204  
53.4180 -11.4192 95.8319  
53.4510 -10.0608 88.3619  
53.4850 -8.4956 79.5647  
53.5180 -6.7304 82.0349  
53.5510 -4.8050 82.2784  
53.5850 -2.7211 79.1861  
53.6180 -0.5222 82.5982  
53.6510 1.7294 -37.6998  
53.6850 3.8079 5.0995  
53.7180 5.7728 33.2232  
53.7510 7.5316 33.3559  
53.7840 9.0619 19.1255  
53.8190 10.3764 15.6177  
53.8510 11.8176 124.1979  
53.8840 13.1540 50.5487  
53.9180 13.6413 -170.5823  
53.9510 13.8170 -11.7958  
53.9840 14.0383 -23.8993  
54.0180 14.1480 -27.7415  
54.0510 14.0291 -36.0347  
54.0840 13.6589 -42.7847  
54.1190 13.1162 -31.2639  
54.1520 12.5574 11.6893  
54.1740 11.3400 -118.7035  
54.2180 9.6856 -61.4153  
54.2510 8.3418 -81.6249  
54.2710 6.7438 -146.5532  
54.3180 4.9309 -62.5033  
54.3510 2.9171 -89.4575  
54.3850 0.7981 -65.9322  
54.4180 -1.4037 -67.8615  
54.4510 -3.3821 34.5295  
54.4840 -5.4259 -8.1415  
54.5180 -7.3195 -32.6028  
54.5510 -9.0382 -28.9126  
54.5840 -10.5584 -21.4428  
54.6180 -11.8331 -14.0361  
54.6510 -13.0966 -85.5967  
54.6840 -14.4066 -103.5739  
54.7180 -14.8682 183.6067  
54.7510 -15.0423 19.2748  
54.7840 -15.2595 21.4563  
54.8180 -15.3386 32.7068  
54.8510 -15.1962 33.5500  
54.8840 -14.8166 42.9413  
54.9220 -14.2350 34.5517  
54.9510 -13.7235 -40.6413  
54.9850 -12.6838 72.2845  
55.0180 -10.9881 95.2280  
55.0510 -9.6457 82.0998  
55.0840 -8.0960 82.0838  
55.1180 -6.3241 86.1605  
55.1510 -4.3919 82.3071  
55.1850 -2.3238 72.5148  
55.2170 -0.3679 9.2215  
55.2500 1.4532 -1.0601  
55.2850 3.5316 39.8551  
55.3180 5.4739 33.2232  
55.3510 7.1963 28.5821  
55.3850 8.7266 23.1963  
55.4190 10.0407 16.0771  
55.4510 11.5939 166.2637  
55.4840 12.9856 33.3833  
55.5010 13.4886 -377.7699  
55.5510 13.8917 -14.0912  
55.5850 14.2351 -18.5511  
55.6180 14.3447 -28.5821  
55.6510 14.2416 -31.2692  
55.6850 14.0295 -4.2902  
55.7180 13.4867 -76.2886  
55.7510 12.9465 17.3103  
55.7850 11.6146 -76.3571  
55.8180 9.9060 -80.7440  
55.8520 8.5467 -86.1896  
55.8840 6.9870 -84.5996  
55.9180 5.1968 -86.3785  
55.9510 3.2058 -89.4152  
55.9840 1.0755 -73.4960  
56.0010 -1.2686 -134.3258  
56.0340 -3.2296 39.8242  
56.0850 -5.2762 -5.5964  
56.1180 -7.1898 -38.3779  
56.1540 -8.9165 -22.0786  
56.1670 -10.4209 -54.4660  
56.2180 -11.7023 -9.3505  
56.2520 -12.9978 -90.5267  
56.2850 -14.2536 -77.3980  
56.3180 -14.7037 170.6679  
56.3520 -14.8778 14.0257  
56.3850 -15.1125 21.4563  
56.4180 -15.2074 33.6980  
56.4510 -15.0650 33.5500  
56.4850 -14.6856 46.2972  
56.5180 -14.1250 33.4720  
56.5520 -13.5926 -22.3114  
56.5850 -12.5435 63.3032  
56.6180 -10.9247 95.2280  
56.6510 -9.5982 82.0998  
56.6840 -8.0259 88.9432  
56.7010 -6.2525 159.9212  
56.7510 -4.3429 49.4750  
56.7670 -2.2483 184.8609  
56.8180 -0.2696 8.1361  
56.8340 1.7050 66.4869  
56.8850 3.7466 -1.7480  
56.9010 5.7046 78.3336  
56.9520 7.4270 15.4165  
56.9840 8.9573 24.6461  
57.0010 10.2330 22.8978  
57.0510 12.0664 165.9083  
57.0850 13.4127 -70.5182  
57.1180 14.1218 -103.4503  
57.1510 14.5021 -87.0667  
57.1840 14.6971 -23.8993  
57.2000 14.7911 -68.7557  
57.2510 14.6565 -20.2405  
57.2670 14.3020 -88.2434  
57.3190 13.8005 -13.1318  
57.3520 13.2714 3.4638  
57.3850 11.6602 -76.5371  
57.4180 10.0185 -81.9129  
57.4340 8.4264 -182.2960  
57.4850 6.8501 -53.2649  
57.5170 5.0598 -91.4859  
57.5360 3.0845 -155.3001  
57.5850 0.9699 -49.4973  
57.6180 -1.2143 -63.8842  
57.6340 -3.3429 -7.8966  
57.6850 -5.3850 19.2111  
57.7190 -7.3011 -37.2491  
57.7520 -9.0423 -28.9126  
57.7850 -10.5626 -21.4428  
57.8010 -11.8590 -29.8268  
57.8520 -13.1548 -57.2962  
57.8850 -14.3701 -65.0074  
57.9190 -14.8202 153.7219  
57.9510 -15.0118 14.9023  
57.9680 -15.1200 41.6505  
58.0190 -15.2149 21.8046  
58.0520 -15.0725 33.5500  
58.0850 -14.6772 47.7002  
58.1190 -14.3536 -41.8883  
58.1520 -13.8027 54.4088  
58.1680 -12.7533 128.9816  
58.2190 -11.1751 61.6181  
58.2550 -9.8493 75.0504  
58.2700 -8.2770 196.1735  
58.3040 -6.5036 79.9606  
58.3520 -4.5940 51.5365  
58.3840 -2.5032 91.2398  
58.4010 -0.4841 50.4318  
58.4520 1.7986 23.7449  
58.4850 3.8376 -19.4136  
58.5180 5.7956 37.9799  
58.5520 7.5180 23.1247  
58.5680 9.0491 49.2922  
58.6180 10.3248 7.7853  
58.6520 12.1294 235.5147  
58.6840 13.3442 -106.9992  
58.7010 13.8245 -260.3627  
58.7520 14.1643 -10.7180  
58.7850 14.3042 -23.8993  
58.8180 14.4210 -26.4213  
58.8510 14.3021 -33.4301  
58.8670 13.9477 -98.0722  
58.9180 13.4050 -21.4556  
58.9520 12.8690 13.4299  
58.9850 11.2866 -74.4440  
59.0210 9.7777 -74.7060  
59.0350 8.4183 -209.3175  
59.0850 6.8429 -54.1438  
59.1180 5.0526 -88.9961  
59.1520 3.0545 -86.7853  
59.1850 0.9426 -67.9137  
59.2180 -1.2592 -74.7805  
59.2350 -3.3782 -15.6663  
59.2850 -5.3975 29.0598  
59.3180 -7.3137 -43.1623  
59.3510 -9.0562 -28.9126  
59.3850 -10.5607 -16.1403  
59.4180 -11.8580 -19.2748  
59.4340 -13.1443 -176.7096  
59.4850 -14.6363 -98.1660  
59.5180 -15.1048 242.2126  
59.5340 -15.2789 29.8047  
59.5850 -15.3555 13.8835  
59.6180 -15.4662 33.6980  
59.6340 -15.2922 88.9155  
59.6860 -14.8970 24.2040  
59.7190 -14.3350 33.8849  
59.7520 -13.8008 -27.6924  
59.7680 -12.7608 139.4149  
59.8180 -10.9041 63.2219  
59.8340 -9.5551 182.2642  
59.8850 -7.9827 53.1298  
59.9180 -6.2109 81.9121  
59.9340 -4.3013 155.5821  
59.9850 -2.2421 57.2485  
60.0180 -0.0982 63.7678  
60.0340 1.7313 -126.5464  
60.0850 3.7778 24.6139  
60.1180 5.7358 40.7914  
60.1340 7.4563 49.1400  
60.1850 8.9640 15.4642  
60.2180 10.2398 11.7958  
60.2340 11.6803 271.9642  
60.2850 13.0414 33.2244  
60.3180 13.5059 -183.2082  
60.3340 13.7211 -24.3289  
60.3850 14.0599 -15.4642  
60.4190 14.1859 -25.6442  
60.4520 14.0513 -38.1956  
60.4700 13.6969 -78.4385  
60.5080 13.2024 -16.1034  
60.5520 12.6765 1.7064  
60.5680 11.4572 -161.3933  
60.6190 9.8007 -52.5149  
60.6340 8.4570 -194.4490  
60.6850 6.8816 -53.0821  
60.7180 5.0935 -88.3487  
60.7340 3.0987 -183.6557  
60.7860 0.9797 -48.1356  
60.8180 -1.1707 -53.9259  
60.8520 -3.1232 40.2101  
60.8700 -5.1684 -47.3425  
60.9190 -7.0820 -25.8463  
60.9510 -8.8233 -29.8162  
60.9850 -10.3277 -16.1403  
61.0010 -11.6091 -29.8047  
61.0520 -12.9153 -62.0294  
61.0680 -14.4190 -307.1128  
61.1190 -14.8647 158.3785  
61.1520 -15.0743 19.2607  
61.1670 -15.3497 47.2340  
61.2190 -15.4446 18.3241  
61.2510 -15.2706 44.4578  
61.2680 -14.8597 83.2691  
61.3180 -14.3042 17.9251  
61.3340 -13.7726 -44.7282  
61.3860 -12.7150 40.3350  
61.4180 -10.8498 98.7842  
61.4340 -9.5007 182.2642  
61.4860 -7.9443 52.1081  
61.5180 -6.1884 84.4719  
61.5340 -4.2814 153.9694  
61.5850 -2.2221 57.7544  
61.6180 -0.0641 72.8311  
61.6340 1.8334 -106.8285  
61.6860 3.8665 12.3218  
61.7190 5.8246 40.7914  
61.7340 7.5451 52.4160  
61.7850 9.0528 15.4642  
61.8010 10.3443 34.1638  
61.8520 11.7226 70.0309  
61.8840 12.9576 32.1975  
61.9010 13.4379 -270.6998  
61.9510 13.6231 -10.9324  
61.9680 13.9004 -46.3927  
62.0190 14.0265 -17.0961  
62.0520 13.8919 -38.1956  
62.0680 13.5374 -88.2434  
62.1180 13.2356 26.2953  
62.1340 12.7135 -103.5127  
62.1860 11.5590 -52.9391  
62.2190 10.0311 -81.9129  
62.2520 8.6715 -88.4382  
62.2680 7.0971 -168.5088  
62.3220 5.3315 -49.9900  
62.3370 3.3367 -210.9241  
62.3850 1.2221 -51.2279  
62.4190 -0.9554 -60.0281  
62.4510 -3.0283 73.7857  
62.4680 -5.0773 -83.3566  
62.5190 -6.9775 -24.8177  
62.5520 -8.7028 -28.8934  
62.5670 -10.2071 -47.2039  
62.6190 -11.4894 -9.1707  
62.6520 -12.7334 -70.1899  
62.6700 -13.7973 -75.6900  
62.7080 -14.2315 100.9937  
62.7510 -14.4139 11.0820  
62.7680 -14.7616 41.6771  
62.8190 -14.8565 21.7903  
62.8340 -14.6984 84.2798  
62.8860 -14.3033 27.2226  
62.9190 -13.7767 18.4289  
62.9340 -13.2584 -37.3844  
62.9850 -12.2855 43.7380  
63.0010 -10.8602 197.5684  
63.0530 -9.5270 56.0813  
63.0850 -7.9710 84.5354  
63.1010 -6.2151 169.2242  
63.1520 -4.3014 52.7333  
63.1850 -2.2421 82.4118  
63.2010 -0.1304 121.2728  
63.2520 1.9425 4.3050  
63.2850 3.9890 -25.0004  
63.3010 5.9313 74.3216  
63.3520 7.6518 18.4943  
63.3850 9.1595 23.8993  
63.4010 10.4515 34.1638  
63.4520 11.9078 85.3288  
63.4670 13.2285 88.8976  
63.5190 13.7088 -109.3314  
63.5520 13.9561 -11.7751  
63.5680 14.1026 -49.3240  
63.6190 14.2287 -20.1850  
63.6510 14.1255 -34.4747  
63.6670 13.7867 -88.2856  
63.7190 13.4620 17.8762  
63.7510 12.9251 -49.2483  
63.7700 11.7126 -126.5522  
63.8190 10.0974 -54.9562  
63.8520 8.7606 -87.8988  
63.8680 7.1920 -169.2473  
63.9190 5.4106 -57.1706  
63.9340 3.4385 -195.8106  
63.9850 1.3494 -44.5739  
64.0190 -0.8387 -70.6654  
64.0340 -2.8887 154.0289  
64.0850 -4.9228 -27.7855  
64.1180 -6.8431 -38.3546  
64.1340 -8.5894 -59.5926  
64.1850 -10.1006 -10.7712  
64.2180 -11.4045 -19.2607  
64.2340 -12.5651 -92.6212  
64.2720 -13.7288 -78.1178  
64.3190 -14.2043 98.0743  
64.3520 -14.3918 14.4402  
64.3680 -14.7395 44.2819  
64.4190 -14.8502 18.6834  
