Tempo Angle omega x y
s degrees degrees/s  
0.0010 17.9850 -68.0058  
0.0320 16.9930 -149.6575  
0.0640 16.0275 -115.7125  
0.0980 14.0492 -107.5748  
0.1310 11.9884 -117.9639  
0.1640 9.5542 -135.8815  
0.1980 6.4208 -90.5611  
0.2300 3.6325 -107.2196  
0.2640 0.6944 -98.0051  
0.2980 -2.8620 -89.1824  
0.3310 -6.1900 -0.8955  
0.3640 -8.8256 69.2739  
0.3980 -11.2264 -39.8807  
0.4310 -13.3675 -32.1254  
0.4640 -15.1920 -22.0425  
0.4980 -16.6154 -13.8920  
0.5310 -18.5396 -245.0711  
0.5640 -18.5513 475.5758  
0.5980 -18.1970 9.6457  
0.6310 -17.4803 17.9428  
0.6640 -16.6720 26.8446  
0.6970 -15.9895 31.1565  
0.7240 -15.0579 42.0480  
0.7640 -14.0991 -19.7013  
0.7980 -12.9538 33.4547  
0.8310 -11.5351 68.5084  
0.8640 -9.0667 73.0669  
0.8970 -7.9392 69.2000  
0.9310 -6.5444 88.2972  
0.9640 -4.9490 78.6900  
0.9980 -3.1850 75.6886  
1.0310 -1.2778 74.5202  
1.0640 0.8222 92.8196  
1.0980 3.1575 46.0638  
1.1310 5.4955 35.2678  
1.1640 7.8703 79.6540  
1.1980 10.1467 41.9609  
1.2310 11.6977 -150.5942  
1.2640 12.9948 14.0351  
1.2980 14.2625 67.7122  
1.3310 16.2404 293.2103  
1.3640 16.9979 -295.2827  
1.3970 17.1392 -93.9550  
1.4310 17.1416 5.2610  
1.4640 17.3785 106.2770  
1.4980 16.6951 -193.3152  
1.5340 15.7407 -35.6764  
1.5640 15.5430 86.5871  
1.5970 15.0053 -89.0057  
1.6310 13.9978 -70.4562  
1.6640 11.7737 -75.4460  
1.6970 10.2561 -81.2056  
1.7310 8.7829 -78.1295  
1.7640 7.0267 -80.3309  
1.7970 4.7001 -66.5809  
1.8310 2.7938 -69.6946  
1.8640 0.8477 -50.9849  
1.8970 -1.2496 32.9012  
1.9310 -3.1676 -33.6361  
1.9640 -4.9267 -24.4717  
1.9980 -6.5237 -25.5092  
2.0310 -7.9041 -15.6157  
2.0640 -9.0508 -9.6513  
2.1310 -10.3639 -64.4014  
2.1640 -11.0066 136.5568  
2.1970 -11.3708 12.5875  
2.2310 -11.4900 22.5755  
2.2640 -11.6371 24.4689  
2.2980 -11.5547 33.8543  
2.3300 -11.2713 37.5706  
2.3640 -11.0317 -38.4181  
2.3970 -10.5245 65.5009  
2.4320 -9.7515 66.8497  
2.4610 -8.3538 66.6330  
2.4970 -7.1147 81.0988  
2.5310 -5.6521 77.9546  
2.5640 -4.0126 76.8819  
2.5970 -2.2030 75.9874  
2.6300 -0.2826 68.4896  
2.6650 1.7692 71.8587  
2.6970 3.9830 9.8563  
2.7310 6.1555 51.3850  
2.7640 8.4000 92.7471  
2.7970 10.3737 -23.5141  
2.8310 11.7280 -96.3238  
2.8640 13.0766 78.5982  
2.9010 14.2246 14.3508  
2.9300 15.4083 98.7893  
2.9630 15.7869 -175.4659  
2.9980 15.8587 -15.8228  
3.0310 16.3472 135.8446  
3.0640 16.0065 -198.3209  
3.0970 15.4888 39.1019  
3.1310 14.9821 -19.5926  
3.1650 14.6196 -53.9110  
3.1980 13.7614 -71.6105  
3.2310 12.6114 -72.3322  
3.2640 10.9244 -75.9358  
3.2970 9.5362 -84.8764  
3.3310 7.9255 -81.7686  
3.3640 5.6560 -63.7766  
3.3970 3.8078 -70.6599  
3.4310 1.6136 -63.8099  
3.4640 -0.4170 29.4061  
3.4970 -2.3359 -21.7163  
3.5310 -4.1314 -33.1925  
3.5640 -5.7747 -26.2406  
3.5970 -7.2384 -21.4878  
3.6300 -8.4701 -14.5694  
3.6680 -9.4459 -5.8386  
3.6970 -10.5111 -103.3929  
3.7310 -11.0338 91.0054  
3.7640 -11.3076 9.6513  
3.7970 -11.6112 20.3761  
3.8310 -11.7569 25.3604  
3.8640 -11.6993 27.4166  
3.8970 -11.4701 25.7754  
3.9310 -11.0005 49.8206  
3.9640 -10.5853 -31.0395  
3.9980 -9.9119 69.4376  
4.0310 -8.7196 66.3347  
4.0640 -7.5866 75.8305  
4.0970 -6.2214 79.9931  
4.1310 -4.6731 73.6548  
4.1640 -2.9572 76.8883  
4.1980 -1.0924 70.4065  
4.2300 0.9808 91.7322  
4.2640 2.8999 4.4639  
4.2980 5.0472 37.0175  
4.3310 7.2060 75.0152  
4.3640 9.2590 34.2712  
4.3970 10.7185 -104.0059  
4.4300 11.9738 18.1124  
4.4640 13.4315 133.1872  
4.4980 14.6477 3.5918  
4.5310 15.1595 -140.9238  
4.5640 15.3253 -15.8996  
4.5980 15.7838 90.5678  
4.6310 15.6390 -144.6681  
4.6640 15.3235 23.2592  
4.6980 14.8320 -18.5036  
4.7310 14.6690 -4.4267  
4.7640 14.1431 -91.8761  
4.7970 12.9251 -72.5151  
4.8300 11.4162 -84.4418  
4.8640 10.1197 -74.3097  
4.8960 8.5689 -95.8642  
4.9310 6.4882 -63.4110  
4.9640 4.6640 -66.9417  
4.9970 2.5383 -68.1247  
5.0310 0.2641 -62.1452  
5.0640 -1.8081 56.7629  
5.1000 -3.7024 -34.8033  
5.1310 -5.4483 -29.3243  
5.1640 -6.9924 -23.2956  
5.1980 -8.3260 -12.3895  
5.2310 -9.3846 -9.6391  
5.2640 -10.1874 10.2805  
5.2980 -10.7965 -8.0074  
5.3310 -11.1588 6.6747  
5.3640 -11.2586 15.4983  
5.3980 -11.4786 19.7503  
5.4310 -11.4829 27.3801  
5.4640 -11.2908 31.9690  
5.4980 -10.9242 28.7306  
5.5340 -10.5640 -13.4849  
5.5640 -10.0015 56.8353  
5.5970 -9.2389 70.8998  
5.6310 -8.2412 61.1683  
5.6640 -6.9745 88.1746  
5.6970 -5.4948 80.0392  
5.7310 -3.8271 75.0333  
5.7640 -2.0131 71.7327  
5.7970 0.0026 93.0765  
5.8310 2.0085 25.8554  
5.8640 4.1487 25.9781  
5.8970 6.2835 50.0404  
5.9310 8.3954 62.0942  
5.9640 10.0634 -71.5130  
5.9970 11.4000 -12.2534  
6.0300 12.5123 12.0855  
6.0640 13.3099 -17.5285  
6.0970 13.9304 18.0596  
6.1310 14.2113 -9.5337  
6.1640 14.3443 -18.1890  
6.1970 14.8074 125.9986  
6.2310 14.6388 -137.2089  
6.2640 14.1642 -28.7623  
6.2990 14.0018 21.7899  
6.3310 13.6012 -87.1157  
6.3640 12.9244 -71.5856  
6.3970 12.0546 -76.5335  
6.4310 10.8737 -73.9882  
6.4640 9.4601 -80.3013  
6.4970 7.8287 -84.2250  
6.5300 5.5605 -66.9628  
6.5640 3.5248 -68.8253  
6.5980 1.4490 -39.7168  
6.6310 -0.8121 -33.0258  
6.6640 -2.7438 15.3256  
6.6970 -4.5303 -27.5908  
6.7310 -6.1606 -28.3210  
6.7640 -7.6005 -18.5490  
6.7970 -8.8139 -11.6617  
6.8310 -9.6350 33.6443  
6.8640 -10.4478 -64.4533  
6.8970 -10.9217 31.7878  
6.9320 -11.2286 9.1113  
6.9640 -11.3594 21.0057  
6.9970 -11.4601 24.4452  
7.0310 -11.3736 28.2438  
7.0640 -11.0708 36.4005  
7.0970 -10.7639 -17.3004  
7.1310 -10.3056 33.1853  
7.1640 -9.7314 69.8062  
7.1970 -8.7105 70.9093  
7.2330 -7.5453 69.1993  
7.2630 -6.1481 88.0000  
7.2980 -4.5658 72.0693  
7.3310 -2.8118 76.4724  
7.3640 -0.9213 70.4857  
7.3970 0.9779 39.0057  
7.4300 3.1662 70.3335  
7.4650 5.0205 -63.2055  
7.4970 6.7628 36.9918  
7.5300 8.9352 201.2397  
7.5650 10.4440 -118.4033  
7.5970 11.6576 -9.7634  
7.6300 12.5309 -26.7092  
7.6640 13.6979 160.6184  
7.6980 14.1855 -131.3956  
7.7300 14.4707 -23.0272  
7.7640 15.0174 145.1654  
7.7970 15.4082 -114.2673  
7.8310 15.5262 -45.4413  
7.8640 14.9855 1.6704  
7.8970 14.6793 -54.5573  
7.9310 14.1219 -83.0332  
7.9640 13.4028 -75.7467  
7.9980 11.8869 -73.7018  
8.0300 10.5653 -78.9296  
8.0640 8.9973 -94.1201  
8.0970 6.7410 -59.0152  
8.1310 4.6292 -68.3961  
8.1640 2.4525 -66.4815  
8.1970 0.1625 -32.6814  
8.2310 -2.0159 -20.1335  
8.2640 -3.8639 14.5815  
8.2970 -5.5581 -29.1341  
8.3310 -7.0727 -20.8722  
8.3640 -8.3827 -14.5593  
8.3970 -9.4046 -9.6513  
8.4650 -10.2250 0.9774  
8.4970 -10.7813 9.8862  
8.5310 -11.0766 12.2390  
8.5640 -11.1874 23.2443  
8.5970 -11.1392 27.3945  
8.6300 -11.0338 31.9515  
8.6640 -10.8397 -2.2125  
8.6970 -10.4792 28.9377  
8.7310 -9.9257 42.6336  
8.7650 -9.0972 71.5207  
8.8000 -8.0674 59.3976  
8.8310 -6.7785 93.7769  
8.8640 -5.2806 75.9640  
8.8970 -3.6062 76.7261  
8.9310 -1.7691 74.4372  
8.9650 0.2092 72.5305  
8.9970 2.2704 23.5588  
9.0310 4.2896 15.7446  
9.0630 6.3488 57.7882  
9.0980 8.2160 14.6310  
9.1310 9.9917 35.2841  
9.1680 11.2870 -51.2879  
9.2030 12.3638 9.1989  
9.2650 13.1852 -0.3695  
9.2970 13.7109 -13.2695  
9.3340 14.1485 42.8052  
9.3640 14.5917 27.0202  
9.3970 14.4732 -153.9993  
9.4310 14.2420 21.2473  
9.4640 13.8981 -18.6307  
9.4970 13.2794 -47.9818  
9.5310 12.6144 -69.4577  
9.5650 11.6665 -73.7240  
9.5970 10.4537 -83.4987  
9.6310 9.0324 -73.7968  
9.6640 7.1887 -80.0220  
9.6970 5.0598 -61.8467  
9.7350 3.1883 -66.0230  
9.7640 1.0249 -75.7246  
9.7970 -0.9119 50.0467  
9.8310 -2.8154 -36.7922  
9.8640 -4.5738 -27.5908  
9.8970 -6.1779 -29.1792  
9.9310 -7.5895 -21.9955  
9.9640 -8.7685 -5.5504  
9.9970 -9.7471 -19.2817  
10.0310 -10.9240 -118.3432  
10.0640 -11.3744 144.1117  
10.0970 -11.5574 14.4881  
10.1310 -11.8447 17.9120  
10.1640 -11.9261 24.4609  
10.1970 -11.8013 34.8899  
10.2310 -11.4697 32.5303  
10.2640 -11.1226 -17.9860  
10.2970 -10.6348 37.0915  
10.3310 -9.8615 65.2725  
10.3640 -8.4517 70.9161  
10.3970 -7.2545 79.7205  
10.4310 -5.8549 73.5680  
10.4640 -4.2638 76.4912  
10.4970 -2.5010 76.5127  
10.5300 -0.6312 67.3014  
10.5640 1.3971 79.1189  
10.5980 3.5097 7.3818  
10.6310 5.3377 -49.1717  
10.6640 7.2849 103.3725  
10.6980 9.2585 76.5906  
10.7310 10.6446 -98.3007  
10.7640 11.8305 15.0969  
10.7980 13.9134 338.1150  
10.8310 14.8283 -277.4447  
10.8640 15.2074 -95.0738  
10.8970 15.2748 -12.9492  
10.9310 15.5962 82.1079  
10.9640 15.7707 -93.6909  
10.9980 15.4927 -32.7512  
11.0310 14.9407 -4.1314  
11.0640 14.6124 -30.4948  
11.0980 13.9596 -80.8108  
11.1310 11.9045 -76.5547  
11.1640 10.5144 -75.9393  
11.1980 9.1720 -78.2389  
11.2310 7.5666 -92.6647  
11.2640 5.4888 -58.5379  
11.2970 3.4976 -67.4815  
11.3310 1.3868 -67.8976  
11.3640 -0.8645 -46.7164  
11.3970 -2.8392 53.3397  
11.4310 -4.6397 -29.6139  
11.4510 -6.2840 -48.1457  
11.4980 -7.7485 -15.0696  
11.5310 -8.9951 -14.5850  
11.5650 -9.9675 -9.3086  
11.6310 -10.7372 1.4535  
11.6650 -11.2554 8.4584  
11.6970 -11.4821 18.9551  
11.7310 -11.4779 22.5830  
11.7640 -11.5594 27.3729  
11.7970 -11.4155 37.7818  
11.8300 -11.2806 -31.9108  
11.8650 -10.9757 28.3331  
11.8970 -10.3926 71.8954  
11.9300 -9.5439 70.8989  
11.9640 -8.5254 52.7584  
11.9980 -7.2300 89.9088  
12.0300 -5.7439 78.5529  
12.0650 -4.0849 71.3344  
12.0980 -2.2783 72.0883  
12.1310 -0.3046 88.4287  
12.1680 1.9160 38.2773  
12.1970 3.9288 -37.4952  
12.2300 5.7070 -1.3323  
12.2650 7.8431 169.0684  
12.2980 9.5456 -77.0100  
12.3310 10.8424 -30.3215  
12.3650 12.0374 44.0056  
12.3980 13.0151 9.7771  
12.4300 13.5829 -53.7301  
12.4650 13.8162 -12.1898  
12.4980 14.1864 84.4019  
12.5300 14.2177 -139.8961  
12.5640 14.1445 -32.0264  
12.5970 13.6138 40.6696  
12.6300 13.3041 -10.0137  
12.6640 12.8165 -81.7803  
12.6970 11.9433 -71.4957  
12.7310 10.7872 -73.7030  
12.7640 9.5510 -76.4103  
12.7980 8.0920 -78.0657  
12.8300 6.0906 -82.4309  
12.8640 4.3161 -64.9728  
12.8970 2.4271 -67.6528  
12.9300 0.1872 -65.6807  
12.9640 -1.8284 56.2467  
12.9970 -3.6912 -37.9673  
13.0310 -5.4090 -26.7368  
13.0640 -6.9568 -24.4070  
13.0970 -8.3101 -17.4865  
13.1310 -9.4393 -12.1525  
13.1640 -10.3550 -15.2150  
13.1980 -11.0022 13.9804  
13.2190 -11.4043 10.4058  
13.2640 -11.5386 11.3357  
13.2970 -11.7969 20.3761  
13.3310 -11.8493 23.7186  
13.3640 -11.7052 32.0144  
13.3970 -11.4493 9.4558  
13.4310 -11.1237 3.5299  
13.4650 -10.6269 38.1857  
13.4980 -9.8468 70.6540  
13.5310 -8.9091 62.1556  
13.5640 -7.7152 84.2437  
13.5980 -6.3223 73.5584  
13.6310 -4.7428 76.9140  
13.6640 -2.9792 80.2078  
13.6980 -1.0445 81.4150  
13.7310 1.0588 60.5337  
13.7650 3.2148 19.0358  
13.7980 5.0522 -57.1961  
13.8310 6.7550 29.8610  
13.8640 8.7556 152.3921  
13.8970 10.1337 -104.3869  
13.9310 11.2942 9.5478  
13.9650 12.2862 25.0993  
13.9980 13.1163 31.1568  
14.0310 13.4589 -63.8434  
14.0630 13.5666 -11.0053  
14.0970 13.8639 74.8271  
14.1310 13.8894 -135.4757  
14.1640 13.6978 -35.9200  
14.1980 13.2081 60.2324  
14.2310 12.9366 -38.2527  
14.2660 12.3087 -92.5659  
14.2980 11.3570 -74.5094  
14.3310 10.0370 -80.4465  
14.3640 8.6767 -76.0851  
14.3980 7.0458 -89.9051  
14.4300 4.9814 -56.0139  
14.4640 3.1408 -69.6179  
14.4980 1.1879 -67.8865  
14.5300 -1.0249 -17.2596  
14.5640 -3.0212 26.5779  
14.5970 -4.7892 -29.0038  
14.6310 -6.3994 -23.7262  
14.6640 -7.8210 -23.2831  
14.6970 -9.0330 -12.5540  
14.7300 -9.9516 -3.7455  
14.7980 -10.6978 -1.0013  
14.8310 -11.1690 11.6132  
14.8640 -11.3486 18.3990  
14.8970 -11.3963 23.2520  
14.9310 -11.4343 29.4056  
14.9640 -11.2617 34.8517  
14.9980 -11.1866 -52.4204  
15.0340 -10.8445 52.8126  
15.0640 -10.2404 73.5468  
15.0830 -9.4177 108.5329  
15.1310 -8.3387 51.9773  
15.1650 -7.0346 77.4600  
15.1980 -5.5411 75.8360  
15.2300 -3.8689 79.7701  
15.2640 -2.0601 69.6293  
15.2970 -0.0731 88.8066  
15.3310 2.2436 44.5702  
15.3640 4.4085 11.6276  
15.3980 6.1590 -56.9947  
15.4300 8.3128 190.4692  
15.4640 9.8355 -112.2372  
15.4970 11.1045 2.9243  
15.5310 12.3002 52.0374  
15.5640 13.6019 109.4755  
15.5970 14.1286 -163.0898  
15.6310 14.3027 -17.5276  
15.6640 14.6449 96.8563  
15.6970 14.4669 -145.9755  
15.7310 14.3740 -32.0049  
15.7640 13.6715 -0.0116  
15.7980 13.4574 31.4219  
15.8310 12.9448 -87.5550  
15.8650 12.0162 -70.2898  
15.8980 10.4758 -75.9344  
15.9300 9.2075 -83.1547  
15.9650 7.7196 -79.7789  
15.9970 5.6762 -73.7009  
16.0310 3.8959 -64.2848  
16.0640 1.9988 -68.4030  
16.0970 -0.0222 -37.5328  
16.1310 -2.0604 26.3615  
16.1640 -3.8930 -25.2467  
16.1970 -5.5828 -29.1430  
16.2310 -7.1025 -23.6892  
16.2640 -8.4138 -17.4865  
16.2970 -9.4681 -6.7100  
16.3310 -9.9503 98.8564  
16.3640 -10.5625 -105.5833  
16.3980 -10.9270 6.4399  
16.4310 -11.1263 12.5540  
16.4640 -11.3383 23.2831  
16.4970 -11.3863 24.4451  
16.5310 -11.2230 33.8830  
16.5640 -10.8590 36.4128  
16.5970 -10.5807 -43.4681  
16.6310 -10.0754 60.2537  
16.6640 -9.6592 74.8416  
16.6980 -8.7172 52.2032  
16.7310 -7.4912 92.6568  
16.7640 -6.0705 71.5839  
16.7970 -4.4602 80.7044  
16.8310 -2.7063 65.9921  
16.8640 -0.8138 76.9039  
16.8980 1.1726 62.9265  
16.9260 3.4619 56.9880  
16.9640 5.2716 -72.3033  
16.9980 6.9427 31.8866  
17.0310 8.9432 153.5850  
17.0640 10.2796 -108.5717  
17.0970 11.4123 9.8371  
17.1310 12.2990 5.9793  
17.1650 13.1950 68.7467  
17.1970 13.5507 -89.5409  
17.2310 13.8100 34.5432  
17.2640 14.1634 76.8977  
17.2980 14.1691 -183.0838  
17.3310 14.1841 35.6822  
17.3640 13.5865 -32.0430  
17.3980 13.1850 -47.7314  
17.4310 12.5264 -68.0564  
17.4640 11.5837 -79.9087  
17.4980 10.1707 -69.6084  
17.5310 8.7787 -80.4520  
17.5640 6.9912 -84.2505  
17.5970 4.7569 -58.5226  
17.6310 2.9082 -69.6554  
17.6640 0.7249 -65.7071  
17.6970 -1.4219 -20.9818  
17.7310 -3.2831 36.2554  
17.7650 -5.0204 -29.6074  
17.7980 -6.5747 -24.4451  
17.8300 -7.9692 -24.0107  
17.8640 -9.1300 -9.3674  
17.8970 -10.0347 -6.6482  
17.9300 -11.2472 -151.7901  
17.9650 -11.7192 143.9100  
17.9970 -11.9329 12.9349  
18.0310 -12.0198 16.9603  
18.0640 -12.1436 26.1457  
18.0970 -12.0764 27.4017  
18.1310 -11.8084 35.3126  
18.1650 -11.5795 -34.0893  
18.1980 -11.1935 37.9488  
18.2300 -10.5493 73.8428  
18.2640 -9.1854 64.3325  
18.2970 -8.0749 75.8528  
18.3310 -6.7279 81.7249  
18.3650 -5.2008 69.9550  
18.3970 -3.5079 78.7492  
18.4310 -1.6836 65.2595  
18.4650 0.3071 84.2336  
18.4980 2.5466 40.2943  
18.5300 4.4344 -70.7808  
18.5640 6.1890 30.3253  
18.5970 8.3581 191.8719  
18.6310 9.9633 -92.1948  
18.6650 11.1768 -33.5285  
18.6980 12.5536 121.6000  
18.7300 14.0261 108.6419  
18.7640 14.5179 -223.1989  
18.7970 14.6736 -15.0459  
18.8200 14.9830 124.6651  
18.8640 15.3323 -42.4386  
18.8980 15.1779 -117.8000  
18.9310 14.5605 51.5648  
18.9640 14.1945 -18.7833  
18.9980 13.6396 -89.1102  
19.0330 12.4306 -72.2217  
19.0640 10.6234 -80.8349  
19.0980 9.3229 -74.1784  
19.1310 7.7661 -92.6964  
19.1640 5.7277 -59.0474  
19.1970 3.6437 -70.4101  
19.2310 1.7612 -58.5387  
19.2640 -0.5072 -65.3827  
19.2970 -2.5325 54.8776  
19.3300 -4.3324 -23.4943  
19.3640 -5.9661 -25.4611  
19.3970 -7.4202 -21.4962  
19.4300 -8.6636 -12.5986  
19.4640 -9.6394 -11.2635  
19.5310 -10.7003 -41.7826  
19.5650 -11.2298 87.9702  
19.5980 -11.5187 12.5762  
19.6300 -11.5151 23.9945  
19.6640 -11.5926 29.3934  
19.6970 -11.4871 31.9691  
19.7310 -11.1748 35.3606  
19.7640 -10.9395 -44.8117  
19.7970 -10.4430 66.5133  
19.8310 -9.6727 69.3092  
19.8640 -8.4308 58.0433  
19.8980 -7.1824 89.9164  
19.9310 -5.7252 75.8112  
19.9650 -4.1042 70.7682  
19.9970 -2.3466 73.9513  
20.0310 -0.4581 69.4800  
20.0640 1.5417 70.1931  
20.0980 3.7470 16.9306  
20.1310 5.7174 -4.6580  
20.1650 7.3707 -23.9437  
20.1970 9.2862 141.7865  
20.2310 10.5810 -92.6616  
20.2650 11.9008 80.9648  
20.3310 12.8072 -26.1955  
20.3650 13.3646 -33.0352  
20.3980 14.1794 149.6019  
20.4310 14.1267 -192.7141  
20.4650 13.8975 -34.9558  
20.4970 13.8158 41.2813  
20.5310 13.7071 -31.8930  
20.5630 12.9624 -56.9725  
20.5970 12.2967 -69.4092  
20.6330 11.1036 -70.0310  
20.6660 9.8327 -75.9713  
20.6980 8.4225 -78.6201  
20.7310 6.2548 -79.9546  
20.7680 4.5022 -59.7092  
20.7830 2.6593 -139.3871  
20.8310 0.4778 -43.0203  
20.8640 -1.7396 -43.7323  
20.8980 -3.5920 53.7336  
20.9310 -5.2993 -27.5759  
20.9630 -6.8352 -25.2011  
20.9980 -8.2078 -24.9565  
21.0310 -9.3405 -3.5583  
21.0640 -10.2245 -4.5856  
21.0980 -11.3647 -140.3233  
21.1310 -11.8035 149.1611  
21.1640 -12.0040 9.6512  
21.1990 -11.9930 19.2118  
21.2310 -12.0880 23.9553  
21.2640 -11.9919 30.3162  
21.2980 -11.7039 32.7480  
21.3300 -11.4567 -40.0837  
21.3650 -11.0290 48.2620  
21.4000 -10.3638 63.4945  
21.4310 -9.0015 71.0035  
21.4640 -7.8545 83.8742  
21.4980 -6.4894 73.5541  
21.5310 -4.9411 75.8868  
21.5650 -3.2297 70.4973  
21.5970 -1.3932 70.3696  
21.6310 0.5970 77.9405  
21.6640 2.7604 13.6559  
21.6970 4.5990 -47.2762  
21.7310 6.5266 91.5350  
21.7650 8.6335 117.5013  
21.7970 10.1945 -84.1110  
21.8310 11.3801 -36.8519  
21.8640 12.9641 196.6148  
21.8980 14.1018 -60.7955  
21.9310 14.5522 -140.0016  
21.9640 14.7086 -8.7973  
21.9970 15.1304 94.0780  
22.0310 15.1953 -150.8675  
22.0640 15.1392 57.6529  
22.0980 14.5371 -43.0959  
22.1310 14.1457 -17.6857  
22.1650 13.5627 -93.2432  
22.1980 12.0781 -76.5547  
22.2310 10.5487 -76.2431  
22.2640 9.2301 -76.1100  
22.2970 7.6349 -92.6458  
22.3310 5.5498 -52.7373  
22.3650 3.7551 -65.4642  
22.3980 1.5427 -68.9472  
22.4310 -0.6230 -30.2250  
22.4640 -2.6110 36.1463  
22.4980 -4.3828 -29.6339  
22.5310 -5.9826 -24.4768  
22.5540 -7.4077 -33.3615  
22.5980 -8.6327 -11.6237  
22.6310 -9.5807 -8.7052  
22.6970 -10.3427 1.0153  
22.7310 -10.8601 6.4783  
22.7650 -11.0988 15.0424  
22.7970 -11.1610 23.9786  
22.8310 -11.2618 23.7569  
22.8640 -11.1467 34.8706  
22.8970 -11.1232 -52.2134  
22.9310 -10.8567 48.8719  
22.9640 -10.3230 65.5099  
22.9970 -9.5388 67.1843  
23.0310 -8.5557 60.4469  
23.0640 -7.2891 92.6333  
23.0980 -5.8233 73.5927  
23.1310 -4.1954 72.3889  
23.1640 -2.4096 72.3321  
23.1970 -0.4278 94.2555  
23.2310 1.8642 40.5420  
23.2640 3.7609 -69.4057  
23.2980 5.5235 24.1326  
23.3340 7.1729 30.1360  
23.3640 8.9011 94.7804  
23.3980 10.1681 -45.7512  
23.4310 11.4450 78.8236  
23.4640 12.5031 6.1076  
23.4970 13.0622 -78.9092  
23.5310 13.2605 -14.6034  
23.5640 13.7021 115.4769  
23.5970 13.8494 -158.5874  
23.6310 13.7958 -34.9321  
23.6640 13.7990 50.0607  
23.6970 13.3999 -35.7475  
23.7310 12.9453 -62.0704  
23.7640 11.9914 -72.4665  
23.7980 10.7654 -74.1169  
23.8310 9.5485 -76.1349  
23.8640 8.1307 -75.9308  
23.8970 6.0676 -80.0633  
23.9310 4.3179 -61.7666  
23.9640 2.4668 -66.6997  
23.9980 0.2477 -59.6521  
24.0340 -1.9466 -25.8658  
24.0640 -3.7690 53.6069  
24.0980 -5.4483 -28.2521  
24.1310 -6.9562 -24.4374  
24.1640 -8.2706 -17.4622  
24.1980 -9.3758 -12.1955  
24.2310 -10.3414 -37.7629  
24.2640 -10.9686 38.9206  
24.2980 -11.3699 1.6927  
24.3310 -11.5206 14.4932  
24.3660 -11.5173 17.3913  
24.3980 -11.5791 29.9160  
24.4300 -11.4447 31.2915  
24.4640 -11.3776 -43.5093  
24.4980 -11.0847 49.4493  
24.5310 -10.6152 40.9694  
24.5650 -9.7851 69.3801  
24.5970 -8.8923 59.7704  
24.6310 -7.7272 81.7660  
24.6640 -6.3598 75.7874  
24.6970 -4.8151 72.1726  
24.7310 -3.1139 74.1859  
24.7640 -1.3049 63.0023  
24.7980 0.9345 83.1076  
24.8310 3.1427 41.4487  
24.8640 4.9395 -83.6682  
24.8980 6.6087 31.8541  
24.9200 8.7285 291.7283  
24.9640 10.0867 -109.8878  
24.9980 11.2175 6.6633  
25.0310 12.1286 5.5927  
25.0640 13.0392 76.2750  
25.0980 13.4689 -80.2830  
25.1310 13.5845 -9.5344  
25.1640 13.4526 -33.5788  
25.1980 13.4977 -29.1499  
25.2310 13.3061 -38.8951  
25.2640 12.7334 78.9994  
25.3010 12.4081 -63.8256  
25.3310 11.8098 -83.4182  
25.3640 10.9547 -72.2515  
25.3980 9.5963 -73.9761  
25.4310 8.2599 -76.0705  
25.4640 6.6492 -92.6568  
25.4970 4.9700 -54.3225  
25.5310 3.1698 -64.7344  
25.5650 1.2924 -60.4703  
25.5980 -1.0468 -60.9368  
25.6310 -2.9355 64.9610  
25.6640 -4.6843 -33.4370  
25.6980 -6.2753 -23.7414  
25.7310 -7.6917 -23.2674  
25.7650 -8.8889 -9.3910  
25.7980 -9.8091 -8.7052  
25.8640 -10.5500 0.0000  
25.8980 -11.0325 11.2635  
25.9320 -11.2583 15.0524  
25.9640 -11.1966 26.9628  
25.9980 -11.2686 23.7727  
26.0340 -11.1151 31.9474  
26.0640 -11.0395 -52.8372  
26.0980 -10.7293 46.4016  
26.1310 -10.1539 70.6916  
26.1640 -9.3451 62.0283  
26.1970 -8.2997 71.6675  
26.2310 -7.0148 81.7270  
26.2640 -5.5448 71.6190  
26.2970 -3.9080 76.6644  
26.3310 -2.1302 65.2380  
26.3640 -0.1716 89.6547  
26.3970 2.0462 30.5096  
26.4310 4.1981 27.0347  
26.4640 5.9289 -56.9251  
26.4980 7.5678 33.1613  
26.5310 9.4542 146.6627  
26.5640 10.6834 -114.9195  
26.5980 11.8891 62.5732  
26.6300 13.3118 146.8935  
26.6640 13.8498 -194.9834  
26.6980 14.0574 -10.1386  
26.7310 14.3129 44.9966  
26.7640 14.1507 -98.7069  
26.7970 14.0577 -35.9548  
26.8300 13.8745 6.8347  
26.8650 13.3013 26.8628  
26.8980 12.8113 -89.7300  
26.9320 11.8726 -69.3716  
26.9670 10.2261 -67.9626  
26.9960 8.9912 -86.6178  
27.0140 7.5259 -147.1815  
27.0650 5.6763 -46.2522  
27.0970 3.9315 -69.0336  
27.1320 2.1004 -58.5467  
27.1640 0.1292 -36.7254  
27.1980 -1.8610 22.0518  
27.2310 -3.6572 -30.9479  
27.2640 -5.3137 -29.1254  
27.2800 -6.8033 -44.3709  
27.3320 -8.1090 -12.9354  
27.3640 -9.1720 -6.9468  
27.3980 -9.9147 24.8237  
27.4310 -10.5439 -32.5413  
27.4640 -10.9260 12.7678  
27.4980 -11.1587 9.3910  
27.5310 -11.3800 26.1715  
27.5640 -11.4280 21.5567  
27.5980 -11.2743 31.0461  
27.6300 -10.9295 37.5572  
27.6650 -10.6670 -42.7355  
27.6980 -10.1670 65.2243  
27.7310 -9.5321 66.4496  
27.7640 -8.5974 58.3173  
27.7980 -7.4141 85.5181  
27.8310 -6.0126 75.7936  
27.8640 -4.4591 72.2240  
27.8980 -2.7244 74.2231  
27.9310 -0.8697 68.3328  
27.9640 1.0973 70.4570  
27.9800 3.2412 17.0964  
28.0320 5.0174 -29.3236  
28.0640 6.6727 30.7732  
28.1020 8.5737 115.2770  
28.1310 9.8943 -99.8892  
28.1640 11.0044 12.0342  
28.1980 12.0044 37.7122  
28.2310 12.9560 61.8007  
28.2640 13.3202 -109.6832  
28.2980 13.4193 -9.5630  
28.3310 13.3813 -33.2585  
28.3650 13.3968 -29.1297  
28.3980 13.1855 -38.8710  
28.4300 12.7750 74.6344  
28.4470 12.3891 -155.8939  
28.4980 11.7557 -40.7704  
28.5300 10.7556 -74.4707  
28.5470 9.3002 -147.9066  
28.5980 7.9559 -49.1978  
28.6310 6.3521 -88.4535  
28.6640 4.6650 -58.5274  
28.6970 2.8568 -66.7000  
28.7130 1.0199 -98.1461  
28.7640 -1.1404 -16.5584  
28.7970 -2.9683 20.4036  
28.8130 -4.6889 -62.9435  
28.8650 -6.2520 -15.5232  
28.8980 -7.6308 -20.3555  
28.9210 -8.8002 -18.0602  
28.9640 -9.6998 -5.1224  
28.9800 -11.3655 -599.5538  
29.0310 -11.8490 188.6597  
29.0650 -12.1339 12.1955  
29.0970 -12.2768 18.0079  
29.1130 -12.4007 53.8910  
29.1650 -12.3335 17.3990  
29.1980 -12.0847 30.5678  
29.2310 -11.8108 -12.7525  
29.2640 -11.4271 20.7125  
29.3000 -10.8019 60.9324  
29.3130 -8.9987 168.2542  
29.3650 -7.9074 48.1373  
29.3980 -6.6074 75.7797  
29.4310 -5.1134 76.2623  
29.4640 -3.4678 72.0965  
29.4980 -1.6877 66.1442  
29.5310 0.2846 88.8066  
29.5640 2.4363 41.6203  
29.5970 4.4035 -35.2001  
29.6160 6.1066 -23.5580  
29.6650 7.6896 20.1315  
29.6980 9.3472 98.4807  
29.7310 10.5487 -62.4635  
29.7640 11.9530 137.7127  
29.7980 13.2946 51.5768  
29.8310 13.7816 -190.8525  
29.8470 13.9260 -30.9945  
29.8990 14.2628 63.4335  
29.9310 14.2239 -153.7255  
29.9640 14.1112 -35.9315  
29.9980 13.9377 11.1366  
30.0310 13.5052 20.0227  
30.0640 12.9760 -91.8035  
30.0800 11.7676 -140.4286  
30.1320 10.1321 -48.4114  
30.1640 8.8893 -74.1186  
30.1980 7.3900 -89.9932  
30.2310 5.3661 -59.0306  
30.2640 3.6133 -66.9404  
30.2980 1.7619 -63.8448  
30.3130 -0.2407 -75.5812  
30.3650 -2.1998 21.0637  
30.3980 -3.9569 -30.5532  
30.4310 -5.5853 -29.1254  
30.4470 -7.0330 -44.3709  
30.4980 -8.3012 -11.3030  
30.5140 -9.2952 -19.9056  
30.5650 -10.3839 -56.7501  
30.5980 -10.9651 86.8325  
30.6310 -11.2977 9.5743  
30.6640 -11.4753 12.5986  
30.6970 -11.6857 23.2520  
30.7160 -11.7145 42.5124  
30.7640 -11.5417 21.9787  
30.7800 -11.1681 81.1394  
30.8310 -10.8373 -19.6980  
30.8640 -10.3121 49.2358  
30.8980 -9.2619 69.3092  
30.9310 -8.3067 58.0433  
30.9640 -7.1052 84.2217  
30.9800 -5.6950 156.3406  
31.0320 -4.1231 45.8682  
31.0650 -2.3795 76.5126  
31.0870 -0.5193 100.9521  
31.1310 1.4374 51.4453  
31.1470 3.4968 1.3164  
31.1850 5.2576 -35.7809  
31.2310 6.8814 21.4147  
31.2470 8.6722 224.1798  
31.2990 9.9650 -42.3423  
31.3310 11.0473 12.4103  
31.3980 11.8911 0.0000  
31.4130 12.4328 -33.0874  
31.4670 13.0374 52.7808  
31.4820 12.9884 -284.8527  
31.5320 12.8383 -19.7947  
31.5650 12.8259 0.5178  
31.5800 12.7080 -4.6031  
31.6320 12.0739 -30.3142  
31.6640 11.4379 -69.3522  
31.6800 10.5257 -147.8572  
31.7320 9.3613 -48.5089  
31.7650 8.0090 -71.9668  
31.7970 6.0937 -86.8833  
31.8130 4.4005 -128.1561  
31.8640 2.5843 -43.5500  
31.8800 0.6572 -68.2381  
31.9320 -1.3787 -22.2311  
31.9650 -3.1977 17.9331  
31.9970 -4.8858 -28.4530  
32.0140 -6.4181 -47.4675  
32.0650 -7.7653 -13.1756  
32.0980 -8.9070 -9.6756  
32.1140 -9.8702 -62.2285  
32.1640 -10.9144 -57.2160  
32.1800 -11.3604 235.0457  
32.2310 -11.6558 8.1376  
32.2650 -11.7684 19.7634  
32.2800 -11.8690 47.3861  
32.3320 -11.7730 20.3110  
32.3640 -11.4954 31.5385  
32.3800 -11.2343 -52.3239  
32.4310 -10.8089 25.9568  
32.4650 -10.0626 65.1016  
32.4800 -8.8260 136.1502  
32.5300 -7.7164 49.7996  
32.5470 -6.3983 147.1032  
32.5980 -4.8970 49.0911  
32.6310 -3.2273 72.5697  
32.6470 -1.4273 147.4599  
32.6980 0.5116 47.0197  
32.7310 2.5582 7.2796  
32.7470 4.3505 -76.2051  
32.7980 6.0297 21.2150  
32.8310 7.5935 26.9172  
32.8470 9.0956 117.0940  
32.8970 10.2693 -15.6755  
32.9130 11.3443 94.8441  
32.9650 12.4421 50.4157  
32.9980 12.8800 -128.4359  
33.0140 13.0353 -26.7935  
33.0650 13.0871 -15.5976  
33.0980 13.1715 -27.0346  
33.1130 13.0193 -85.5960  
33.1650 12.9027 23.9171  
33.1980 12.4384 -48.6015  
33.2130 11.8782 -116.1405  
33.2640 10.9305 -46.2298  
33.2900 9.4680 -97.1558  
33.3130 8.1892 -104.4412  
33.3650 6.6663 -55.1829  
33.3820 5.0149 -122.3719  
33.4310 3.2326 -44.9162  
33.4650 1.3699 -61.4196  
33.4970 -0.8191 -63.0977  
33.5140 -2.7672 47.4049  
33.5650 -4.5029 7.4759  
33.5980 -6.0989 -29.1342  
33.6310 -7.5037 -18.5958  
33.6500 -8.7496 -42.7478  
33.6980 -9.7071 0.2713  
33.7650 -10.4567 0.0000  
33.7980 -10.9574 8.6990  
33.8130 -11.1981 34.1412  
33.8650 -11.1602 14.7465  
33.8980 -11.1221 24.4931  
33.9130 -11.0167 70.2935  
33.9650 -10.8335 -3.5447  
33.9980 -10.4858 31.2790  
34.0130 -9.9387 78.7463  
34.0650 -9.1737 42.1674  
34.0980 -8.2022 62.5397  
34.1130 -6.9825 184.6957  
34.1650 -5.5637 48.1110  
34.1980 -3.9830 72.3322  
34.2130 -2.2473 157.1813  
34.2650 -0.3780 45.9654  
34.2980 1.7175 62.9967  
34.3130 3.6558 -36.0520  
34.3640 5.3963 -15.6236  
34.3800 7.1853 167.3213  
34.4320 8.8551 16.7826  
34.4650 10.1201 -38.7284  
34.4800 11.1576 15.1319  
34.5650 11.9535 -0.3352  
34.5980 12.4740 -12.0245  
34.6310 13.0088 76.7556  
34.6470 12.9302 -253.4146  
34.6980 12.8068 -19.3936  
34.7340 12.8058 11.8802  
34.7480 12.4710 -47.2261  
34.7980 11.9011 -29.5677  
34.8310 11.2208 -72.1769  
34.8470 10.2836 -146.4304  
34.8990 9.0960 -48.6828  
34.9310 7.7119 -73.8060  
34.9470 5.8104 -165.1140  
34.9980 4.1385 -34.4761  
35.0140 2.3142 -157.0806  
35.0640 0.3333 -22.7507  
35.0800 -1.4996 51.1642  
35.1320 -3.3097 -24.0689  
35.1650 -4.9727 -27.5759  
35.1980 -6.4629 -18.6244  
35.2310 -7.7575 -17.4505  
35.2470 -8.8575 -25.9615  
35.2990 -9.5528 27.0278  
35.3340 -10.5284 -130.3577  
35.3630 -10.9371 108.8647  
35.3830 -11.1904 20.7692  
35.4310 -11.4489 15.9910  
35.4470 -11.5110 44.4608  
35.4980 -11.3766 20.6974  
35.5140 -11.0702 69.1122  
35.5650 -10.7719 -12.8927  
35.5980 -10.3188 34.3378  
35.6140 -9.7850 138.2649  
35.6640 -8.5905 40.8704  
35.6800 -7.4628 155.6591  
35.7310 -6.1265 49.0361  
35.7650 -4.6165 73.6548  
35.7800 -2.9380 159.7939  
35.8320 -1.1571 39.9746  
35.8640 0.7629 78.0662  
35.8810 2.9139 97.1135  
35.9310 4.6785 -54.6019  
35.9470 6.3300 67.6230  
35.9980 7.8661 17.4170  
36.0130 9.2124 39.5878  
36.0660 10.3583 9.3568  
36.0810 11.4151 107.5293  
36.1310 12.5565 64.8682  
36.1470 12.9845 -315.9269  
36.1980 13.3597 38.6159  
36.2130 13.2405 -219.5242  
36.2650 13.2952 -19.0463  
36.2970 13.2815 12.4192  
36.3140 13.1211 -34.0657  
36.3650 12.8072 -18.4412  
36.4010 12.2190 -62.4300  
36.4160 11.2338 -157.1635  
36.4650 9.6727 -51.3304  
36.4980 8.3660 -76.0705  
36.5140 6.5845 -173.7171  
36.5650 4.9373 -38.2189  
36.5980 3.1569 -70.3833  
36.6310 1.1346 -61.2817  
36.6640 -0.8435 -4.1323  
36.6810 -2.6944 19.5159  
36.7350 -4.4266 -19.6434  
36.7500 -6.0043 -54.1655  
36.7980 -7.4014 -14.7786  
36.8310 -8.5955 -14.5644  
36.8470 -9.5244 -7.9088  
36.8980 -10.6064 -68.2611  
36.9140 -11.1081 217.5821  
36.9640 -11.3756 6.3778  
36.9800 -11.5719 36.0159  
37.0310 -11.7400 12.0387  
37.0470 -11.6963 66.0686  
37.1020 -11.4608 20.0849  
37.1170 -11.2474 -61.9405  
37.1650 -10.8944 19.0431  
37.1980 -10.3072 67.1735  
37.2310 -9.1679 61.7967  
37.2470 -8.1410 147.2771  
37.2980 -6.8831 51.5729  
37.3140 -5.4473 147.1654  
37.3650 -3.8348 46.6706  
37.3980 -2.1204 62.9467  
37.4130 -0.2228 195.7805  
37.4650 1.9468 34.4311  
37.4980 3.9502 -22.6743  
37.5210 5.6590 -31.6706  
37.5470 7.2527 34.1162  
37.5980 8.6897 15.5072  
37.6160 9.9133 27.5288  
37.6650 11.0269 25.6114  
37.6800 12.0643 107.8341  
37.7310 12.6265 -52.4311  
37.7470 12.8455 -30.9945  
37.7980 12.8126 -14.2788  
37.8130 12.7653 -59.4970  
37.8650 12.6920 -19.0082  
37.8830 12.6576 70.8915  
37.9310 12.5148 -6.1027  
37.9470 12.0416 -175.5586  
37.9980 11.2078 -46.0760  
38.0140 9.9767 -147.3112  
38.0650 8.7617 -49.2533  
38.0970 7.3459 -78.2723  
38.1130 5.7401 -164.2491  
38.1640 4.0173 -40.4350  
38.1800 2.2329 -100.2732  
38.2310 0.0708 -49.0328  
38.2470 -2.0237 23.8813  
38.2990 -3.8028 6.6553  
38.3310 -5.4475 -31.4444  
38.3470 -6.9179 -38.3931  
38.3980 -8.1947 -11.2953  
38.4140 -9.2626 -25.9385  
38.4650 -10.2361 -33.0235  
38.4800 -10.8597 95.7324  
38.5320 -11.2790 8.4543  
38.5470 -11.4066 27.7170  
38.6020 -11.5053 12.2093  
38.6160 -11.5579 57.6765  
38.6650 -11.4042 21.5362  
38.6800 -11.0937 63.6530  
38.7310 -10.7865 -11.9304  
38.7470 -10.3099 79.8642  
38.7980 -9.4456 42.9981  
38.8140 -8.5325 120.2687  
38.8650 -7.3727 57.0062  
38.8800 -6.0182 157.4709  
38.9300 -4.4787 50.4310  
38.9470 -2.7982 130.4257  
38.9970 -0.9988 44.8860  
39.0130 0.9550 156.2061  
39.0640 2.9997 5.8824  
39.0800 4.7603 -97.7113  
39.1320 6.3999 18.9185  
39.1650 7.9360 26.9172  
39.1810 9.2407 37.1136  
39.2310 10.5087 39.9113  
39.3020 11.7019 24.9703  
39.3160 12.3064 -262.0965  
39.3650 12.6435 -8.7702  
39.3800 12.6413 -59.5830  
39.4310 12.5102 -19.4066  
39.4470 12.4653 -43.7955  
39.4980 12.4212 19.4613  
39.5140 12.1071 -113.2830  
39.5650 11.5290 -40.1176  
39.5800 10.4992 -168.1547  
39.6320 9.0546 -45.6575  
39.6470 7.7261 -167.2325  
39.6810 6.1626 -81.7660  
39.7140 4.5329 -47.1321  
39.7650 2.7445 -50.5322  
39.7800 0.8239 -134.7784  
39.8310 -1.1157 15.7204  
39.8470 -2.9309 -35.5704  
39.8970 -4.6183 -15.3473  
39.9130 -6.1401 -54.1048  
39.9650 -7.4953 -13.6418  
39.9800 -8.6478 -32.0416  
40.0310 -9.7416 -43.0048  
40.0470 -10.6036 47.6251  
40.0980 -11.0679 27.4593  
40.1140 -11.2981 19.9558  
40.1650 -11.5413 13.1756  
40.1980 -11.6661 18.6244  
40.2130 -11.6181 64.0380  
40.2640 -11.3722 21.8320  
40.2800 -11.1190 -39.7709  
40.3310 -10.7244 18.2962  
40.3470 -9.9050 128.4237  
40.3970 -8.9556 41.2450  
40.4130 -7.8973 155.5774  
40.4650 -6.6209 48.0911  
40.4800 -5.1753 157.5766  
40.5320 -3.5520 45.9762  
40.5470 -1.8001 149.8350  
40.5980 0.1334 57.4347  
40.6140 2.2083 48.6350  
40.6650 3.9793 -41.2984  
40.6800 5.6529 72.0167  
40.7320 7.2187 18.9502  
40.7490 8.7866 147.5953  
40.7980 9.9722 -26.9779  
40.8140 11.1040 114.0953  
40.8650 12.2935 58.2049  
40.8800 13.0250 -155.5421  
40.9310 13.1679 -57.9641  
40.9470 13.1701 -39.3571  
40.9990 13.2937 -17.1505  
41.0310 13.2006 -33.9501  
41.0470 13.0270 11.2082  
41.0990 12.7023 19.2140  
41.1140 12.2028 -204.6648  
41.1660 11.2961 -43.2088  
41.1810 9.8408 -167.8260  
41.2310 8.3928 -45.2027  
41.2470 6.9643 -172.5630  
41.2980 5.3783 -43.2248  
41.3310 3.6731 -63.1669  
41.3470 1.8594 -135.7123  
41.3980 0.1234 18.7662  
41.4140 -1.8109 -61.5481  
41.4650 -3.5538 -22.6560  
41.4830 -5.1630 -50.5558  
41.5210 -6.5915 -18.6975  
41.5470 -7.8420 -18.4603  
41.5980 -8.8484 -6.2685  
41.6140 -9.3647 168.4917  
41.6640 -9.9933 -64.1366  
41.6800 -10.3409 39.9027  
41.7320 -10.7361 9.2364  
41.7470 -10.9562 51.1211  
41.7980 -10.9800 15.8485  
41.8140 -10.8073 65.9001  
41.8640 -10.4789 16.9149  
41.8830 -10.1833 -42.4749  
41.9140 -9.6705 59.7421  
41.9650 -9.2080 42.9945  
41.9800 -8.2333 127.6953  
42.0310 -7.0445 54.4964  
42.0470 -5.6675 147.6495  
42.0980 -4.1111 50.2055  
42.1140 -2.4148 137.9659  
42.1650 -0.5259 58.4561  
42.1800 1.4384 106.5868  
42.2140 3.6252 41.7069  
42.2650 5.3500 -54.2669  
42.2800 6.9442 59.0549  
42.3320 8.7675 80.9026  
42.3470 10.0305 -188.2273  
42.3990 11.3181 50.1588  
42.4650 12.3736 3.6336  
42.4800 12.9236 -189.8716  
42.5310 13.4271 49.3336  
42.5470 13.3768 -246.1632  
42.5980 13.0858 -19.3936  
42.6140 12.9482 -77.1156  
42.6650 12.9535 45.3984  
42.6800 12.2837 -169.6507  
42.7310 11.6635 -45.6289  
42.7470 10.5599 -139.0848  
42.7980 9.1941 -46.7150  
42.8130 7.8616 -167.6602  
42.8650 6.0134 -50.7908  
42.8800 4.3678 -127.5102  
42.9310 2.5825 -46.7919  
42.9490 0.7629 -87.6290  
42.9820 -1.2341 16.4520  
43.0310 -3.0209 -9.0659  
43.0470 -4.6662 -56.9533  
43.0980 -6.1659 -15.0857  
43.1140 -7.4983 -44.3533  
43.1650 -8.6272 -9.4207  
43.1810 -9.4024 56.0395  
43.2320 -10.5583 -112.1448  
43.2470 -10.9868 325.8059  
43.2810 -11.2159 12.2390  
43.3310 -11.4418 11.5097  
43.3470 -11.5426 50.4669  
43.3980 -11.4658 16.9342  
43.4140 -11.1919 75.1014  
43.4650 -11.0183 -33.5699  
43.4800 -10.5946 134.7403  
43.5310 -10.0522 40.8335  
43.5470 -8.7316 128.9083  
43.5990 -7.6508 47.8842  
43.6140 -6.3615 166.7170  
43.6640 -4.8933 47.2879  
43.6800 -3.2805 140.8454  
43.7310 -1.5151 46.8599  
43.7470 0.3950 165.5019  
43.7980 2.5950 23.2924  
43.8200 4.3468 -111.8817  
43.8470 5.9985 40.0343  
43.8980 7.5326 17.3986  
43.9140 9.0745 160.4742  
43.9650 10.2283 -27.0575  
43.9800 11.3982 168.2906  
44.0320 12.4276 16.3463  
44.0470 12.8608 -238.1794  
44.0980 12.9962 -6.4754  
44.1140 12.9333 -49.6800  
44.1640 13.0274 -17.8304  
44.1830 12.8851 -67.5335  
44.2140 12.7855 42.3917  
44.2640 12.3462 -16.5827  
44.2800 11.8059 -149.3876  
44.3320 10.7913 -42.6478  
44.3470 9.4401 -167.7642  
44.3990 8.2091 -45.6042  
44.4130 6.7191 -208.5669  
44.4650 5.1276 -34.7880  
44.4800 3.4301 -130.1501  
44.5140 1.6321 -67.3110  
44.5650 -0.3975 -19.6224  
44.5800 -2.2521 61.3071  
44.6310 -3.9737 -20.7762  
44.6470 -5.5549 -50.8467  
44.6980 -6.9555 -13.9315  
44.7140 -8.1670 -29.9980  
44.7650 -9.1184 -6.2685  
44.8310 -9.8889 0.0000  
44.8470 -10.4419 13.9753  
44.9010 -10.7083 10.6678  
44.9160 -10.8133 40.9526  
44.9650 -10.9142 19.6092  
44.9800 -10.8037 70.2559  
45.0310 -10.4915 23.5913  
45.0470 -10.1443 -22.4901  
45.0980 -9.6382 21.7418  
45.1130 -8.8816 145.6780  
45.1480 -7.9293 55.9113  
45.1810 -6.7223 83.9526  
45.2310 -5.3367 47.2536  
45.2470 -3.7580 159.0754  
45.2980 -2.0527 43.6428  
45.3130 -0.2449 138.6679  
45.3480 1.6558 60.9016  
45.3980 3.6363 8.7832  
45.4140 5.3359 -106.3395  
45.4650 6.9252 21.2361  
45.4800 8.3880 46.0913  
45.5320 9.6331 11.4239  
45.5470 10.7847 95.1107  
45.6320 11.7057 2.8219  
45.6470 12.2144 -126.4828  
45.6990 12.4554 -11.4732  
45.7140 12.3941 -59.4970  
45.7650 12.1900 -19.3809  
45.7800 12.1644 5.6338  
45.8320 12.1487 22.7093  
45.8470 11.7858 -185.3217  
45.8980 11.1277 -46.2569  
45.9140 10.1057 -138.1735  
45.9650 8.8062 -49.7336  
45.9830 7.4452 -139.5405  
46.0320 5.8936 -51.0742  
46.0470 4.2381 -128.7400  
46.0980 2.5313 -29.4568  
46.1190 0.5966 -104.4549  
46.1470 -1.3376 42.3404  
46.1980 -3.1092 -22.6327  
46.2140 -4.7360 -56.9373  
46.2650 -6.2284 -16.9793  
46.2800 -7.5188 -34.4674  
46.3310 -8.6060 -9.4207  
46.3470 -9.3690 46.2616  
46.3990 -10.2827 -66.1145  
46.4130 -10.7699 197.2930  
46.4470 -10.9962 12.2390  
46.4990 -11.2739 12.9094  
46.5140 -11.3650 47.4443  
46.5650 -11.2595 20.6916  
46.5800 -11.0746 -4.8552  
46.6310 -10.7674 13.8548  
46.6470 -10.3270 53.2406  
46.6990 -9.7394 42.5430  
46.7130 -8.6036 145.9658  
46.7650 -7.4950 47.8951  
46.7800 -6.1779 166.7227  
46.8140 -4.6899 70.0016  
46.8650 -3.0490 43.9302  
46.8800 -1.3034 140.2121  
46.9140 0.7250 81.0087  
46.9650 2.6932 2.0618  
46.9810 4.4381 -86.2899  
47.0320 6.0700 21.2014  
47.0470 7.5764 52.5915  
47.0990 8.9030 13.3103  
47.1140 10.0191 26.4224  
47.1680 11.4152 95.9342  
47.1830 12.6411 35.8107  
47.2140 13.0817 -185.4402  
47.2650 13.1872 -11.7116  
47.2800 13.2027 -52.9529  
47.3320 13.2672 -17.1329  
47.3470 13.0954 -85.4900  
47.3810 12.9831 40.7217  
47.4140 12.6328 -51.1465  
47.4470 12.0744 -51.0660  
47.4810 10.7464 -73.9713  
47.5140 9.1429 -67.2138  
47.5480 7.8632 -73.8388  
47.5810 6.3523 -88.1428  
47.6140 4.7406 -54.6424  
47.6480 2.9979 -64.7322  
47.6810 1.2335 -45.4274  
47.7140 -0.7317 -18.8878  
47.7480 -2.4878 11.8413  
47.7820 -4.1763 -29.6616  
47.8170 -5.7093 -27.4529  
47.8470 -7.0820 -20.4763  
47.8810 -8.2516 -14.1167  
47.9150 -9.2470 -34.2893  
47.9810 -9.9678 14.2696  
48.0140 -10.4462 6.7891  
48.0500 -10.7170 15.9963  
48.0810 -10.8544 22.9288  
48.1140 -10.9361 29.0997  
48.1470 -10.8160 30.5752  
48.1810 -10.6498 -14.6818  
48.2140 -10.3266 28.9281  
48.2480 -9.7767 52.5968  
48.2810 -8.9061 61.8139  
48.3150 -7.9218 61.1521  
48.3480 -6.6828 83.9901  
48.3840 -5.2789 61.7805  
48.4140 -3.7074 79.5963  
48.4480 -2.0073 66.0460  
48.4810 -0.1755 70.4719  
48.5140 1.9088 61.3995  
48.5470 3.7982 -30.1121  
48.5810 5.4736 -10.3762  
48.6140 7.0336 26.8611  
48.6480 8.4548 20.3344  
48.6810 9.6583 18.0014  
48.7140 10.7585 36.1224  
48.7480 12.1272 149.1708  
48.7810 12.6548 -186.8092  
48.8150 12.9169 -9.7018  
48.8480 12.8968 -24.0963  
48.8820 12.8870 -26.2302  
48.9140 12.8136 -30.8686  
48.9480 12.5335 -34.7485  
48.9810 12.3017 35.6250  
49.0150 11.8514 -46.8298  
49.0480 11.0459 -71.4738  
49.0810 9.4955 -72.0815  
49.1140 8.3242 -71.8929  
49.1480 6.9354 -73.6826  
49.1810 5.3898 -71.6344  
49.2140 3.7007 -70.5004  
49.2480 1.9019 -61.3033  
49.2820 0.1237 -28.6955  
49.3150 -1.6969 22.7941  
49.3480 -3.4597 -30.7564  
49.3820 -5.0777 -26.7793  
49.4150 -6.5348 -23.3359  
49.4480 -7.8064 -15.6567  
49.4810 -8.8594 -9.7000  
49.5150 -9.5811 27.9375  
49.5480 -10.4517 -115.6138  
49.5810 -10.8081 92.6240  
49.6140 -11.0349 9.7245  
49.6480 -11.2698 19.7374  
49.6810 -11.3224 24.4849  
49.7150 -11.1881 28.2040  
49.7480 -10.8565 36.4321  
49.7810 -10.5360 -18.9983  
49.8140 -10.0743 33.0786  
49.8480 -9.4901 63.9587  
49.8810 -8.3302 58.8700  
49.9140 -7.1989 83.9319  
49.9480 -5.8636 69.4413  
49.9980 -4.3572 47.6339  
50.0140 -2.7099 138.5755  
50.0650 -0.9234 46.1002  
50.0800 0.9693 151.0001  
50.1380 2.9496 4.2826  
50.1560 4.6767 -80.0431  
50.1810 6.2945 43.2647  
50.2150 7.8068 26.1162  
50.2490 9.0916 14.5461  
50.2810 10.1799 12.3855  
50.3150 11.2353 60.3909  
50.3480 11.9885 -24.4331  
50.3850 12.3687 -37.2347  
50.4140 12.4528 -24.0152  
50.4480 12.4327 -23.3446  
50.4820 12.4676 -26.1857  
50.5150 12.3955 0.3280  
50.5480 12.2510 4.9962  
50.5810 11.9147 -43.1472  
50.6150 11.3143 -66.0316  
50.6480 10.2728 -71.4291  
50.6810 9.0745 -71.9554  
50.7320 7.7769 -46.4739  
50.7470 6.2711 -185.3098  
50.7840 4.6514 -52.2095  
50.8140 2.9006 -73.3657  
50.8480 0.9432 -60.4703  
50.8810 -1.0308 -0.0228  
50.9140 -2.8298 9.8826  
50.9470 -4.5007 -29.2094  
50.9810 -6.0171 -23.9121  
51.0320 -7.3479 -10.1577  
51.0470 -8.4897 -31.9978  
51.0980 -9.5220 -33.0344  
51.1480 -10.1960 33.0384  
51.1800 -10.6273 7.0286  
51.2150 -10.7955 16.4424  
51.2480 -10.8925 21.5567  
51.2980 -10.9261 19.1948  
51.3140 -10.7624 63.0927  
51.3480 -10.5428 -7.4669  
51.3810 -10.2346 11.1199  
51.4150 -9.6571 65.1389  
51.4470 -8.7069 63.7823  
51.4810 -7.7002 65.2100  
51.5140 -6.4530 79.7011  
51.5470 -5.0404 67.5292  
51.5810 -3.4461 74.4096  
51.6140 -1.7399 62.9639  
51.6480 0.1491 83.4598  
51.6810 2.0683 1.4449  
51.7150 4.0168 19.4403  
51.7480 5.6645 -24.0473  
51.7810 7.1968 26.8611  
51.8150 8.7785 79.7693  
51.8480 9.9546 -43.2346  
51.8820 11.0890 53.2741  
51.9150 12.4579 147.7486  
51.9480 12.9504 -202.6371  
51.9810 13.1161 -13.0223  
52.0150 13.2174 -17.5340  
52.0490 13.1536 -29.1397  
52.0850 13.0605 -30.1684  
52.1140 13.0021 42.5376  
52.1480 12.6728 0.0881  
52.1810 12.1804 -92.6797  
52.2150 11.2829 -65.8420  
52.2480 9.6622 -71.4259  
52.2810 8.4590 -76.1043  
52.3150 7.0624 -69.5528  
52.3480 5.4889 -71.6501  
52.3810 3.8489 -50.1695  
52.4140 2.0698 -75.0543  
52.4480 0.0639 -30.4420  
52.4810 -1.8699 21.9392  
52.5150 -3.5906 -27.2755  
52.5480 -5.1689 -24.6778  
52.5820 -6.5826 -20.9227  
52.6140 -7.7932 -14.9841  
52.6480 -8.7993 -9.4385  
52.6810 -9.5677 0.3874  
52.7150 -10.1750 -1.3115  
52.7480 -10.5124 6.7541  
52.7840 -10.7045 11.6005  
52.8140 -10.9019 22.3476  
52.8470 -10.9257 24.5096  
52.8820 -10.7627 30.1097  
52.9150 -10.4179 33.5529  
52.9480 -10.0926 -20.4610  
52.9810 -9.5946 42.5958  
53.0140 -8.8925 62.2536  
53.0480 -7.9935 56.6192  
53.0810 -6.8397 83.9300  
53.1140 -5.4915 71.5877  
53.1480 -3.9719 70.1254  
53.1810 -2.2948 72.2325  
53.2150 -0.5292 57.0225  
53.2480 1.3757 75.7549  
53.2820 3.2627 -25.1059  
53.3140 4.9540 -17.2216  
53.3480 6.5383 28.9342  
53.3820 8.0090 23.2185  
53.4150 9.2523 14.9868  
53.4480 10.4847 68.3282  
53.5150 11.7984 47.7135  
53.5480 12.3385 -162.2003  
53.5820 12.6218 -18.5046  
53.6150 12.5757 -24.0434  
53.6480 12.5260 -26.9703  
53.6820 12.4792 -15.3762  
53.7150 12.3161 -5.4029  
53.7480 11.9979 -23.0971  
53.7820 11.4115 -64.3152  
53.8150 10.3755 -67.9237  
53.8480 8.7678 -76.3848  
53.8810 7.4730 -67.3655  
53.9150 5.9492 -85.8519  
53.9470 4.3256 -56.0139  
53.9820 2.6339 -44.8531  
54.0150 0.8306 -49.6810  
54.0480 -1.0336 -23.8483  
54.0820 -2.8055 4.7272  
54.1150 -4.4456 -26.3281  
54.1480 -5.9328 -21.5926  
54.1810 -7.2350 -20.3225  
54.2150 -8.3567 -12.2718  
54.2480 -9.3980 -64.1234  
54.2820 -10.3757 -34.0155  
54.3150 -10.8788 96.2740  
54.3480 -11.1762 12.6324  
54.3820 -11.3374 16.9150  
54.4150 -11.4286 26.0806  
54.4480 -11.3519 24.5606  
54.4820 -11.0934 32.5303  
54.5140 -10.8148 -14.7247  
54.5480 -10.4234 20.9462  
54.5810 -9.6010 66.4567  
54.6140 -8.4706 58.3027  
54.6510 -7.4089 67.2967  
54.6810 -6.1388 83.3585  
54.7140 -4.7036 67.4294  
54.7480 -3.1153 70.3751  
54.7810 -1.3862 67.2251  
54.8140 0.4920 78.6965  
54.8480 2.4713 15.8608  
54.8820 4.2105 -49.6577  
54.9140 5.8384 33.7683  
54.9480 7.3627 26.0889  
54.9810 8.7071 20.9660  
55.0140 9.8510 15.0098  
55.0480 11.1564 112.9454  
55.0810 12.2378 4.6308  
55.1150 12.6783 -123.2708  
55.1480 13.0526 58.6512  
55.1810 13.0768 -89.7428  
55.2150 13.1708 -29.1297  
55.2480 13.0482 -32.9007  
55.2810 12.7321 -31.7508  
55.3150 12.5483 59.2487  
55.3510 12.0179 -82.5111  
55.3810 10.8817 -73.9228  
55.4150 9.4914 -70.2321  
55.4480 8.2701 -75.8168  
55.4810 6.5773 -84.2104  
55.5150 4.9889 -56.4008  
55.5480 3.2895 -63.6410  
55.5810 1.5535 -43.9926  
55.6140 -0.2511 -52.5664  
55.6480 -2.1756 24.0092  
55.6810 -3.8729 -21.1731  
55.7140 -5.4349 -26.1859  
55.7480 -6.8496 -26.9170  
55.7810 -8.0416 -8.3501  
55.8140 -8.9878 -9.7122  
55.8480 -9.8263 -24.7261  
55.8810 -10.3707 25.4754  
55.9150 -10.7413 8.4314  
55.9480 -10.9070 9.5247  
55.9810 -11.0674 26.3451  
56.0140 -11.0769 24.5179  
56.0480 -10.8948 30.9871  
56.0810 -10.6534 -9.8070  
56.1150 -10.2929 26.9447  
56.1480 -9.7531 44.6313  
56.1810 -8.9284 60.8406  
56.2140 -7.9961 58.0874  
56.2480 -6.8146 81.7368  
56.2820 -5.4282 69.4906  
56.3150 -3.9060 67.5133  
56.3480 -2.2298 71.1741  
56.3810 -0.4491 63.6003  
56.4150 1.5511 55.0281  
56.4480 3.2593 -60.7079  
56.4820 4.9282 31.7335  
56.5140 6.4946 30.7527  
56.5480 7.9385 20.3198  
56.5820 9.1638 17.4586  
56.6150 10.4141 79.1706  
56.6810 11.2002 -36.5828  
56.7150 11.7118 -11.6524  
56.7480 11.9605 -16.0741  
56.7800 11.9328 -27.8794  
56.8140 12.0067 -29.0620  
56.8470 12.0770 31.6054  
56.8820 12.0586 2.7682  
56.9140 11.7092 -81.8327  
56.9470 11.0685 -70.2672  
56.9810 9.9449 -65.2119  
57.0150 8.8109 -74.0655  
57.0470 7.4943 -69.4652  
57.0810 5.9665 -77.6864  
57.1140 4.3368 -57.9390  
57.1480 2.5838 -65.3072  
57.1840 0.6077 -33.0130  
57.2140 -1.5247 -48.8545  
57.2480 -3.2707 36.5971  
57.2820 -4.8761 -26.8091  
57.3150 -6.3309 -21.5835  
57.3480 -7.6200 -26.0808  
57.3810 -8.7000 -3.9849  
57.4150 -9.6628 -43.2419  
57.4480 -10.6185 -55.7859  
57.4810 -11.0211 100.3382  
57.5140 -11.2923 3.7908  
57.5490 -11.3303 24.7735  
57.5810 -11.4214 22.2580  
57.6150 -11.3160 31.0203  
57.6480 -11.0382 30.6217  
57.6810 -10.7468 -21.9508  
57.7150 -10.3196 36.0982  
57.7480 -9.5479 59.8057  
57.7810 -8.3998 58.3072  
57.8140 -7.3198 79.6723  
57.8480 -6.0162 69.4664  
57.8850 -4.5782 59.7663  
57.9140 -2.9705 83.0291  
57.9480 -1.2465 65.2535  
57.9810 0.6443 81.1825  
58.0150 2.6621 16.0349  
58.0480 4.3655 -58.0834  
58.0810 5.9796 32.7451  
58.1150 7.5018 29.5531  
58.1480 8.8086 14.3982  
58.1820 9.9188 11.6479  
58.2150 11.2380 130.3448  
58.2480 12.6098 88.9308  
58.2820 13.0263 -215.7399  
58.3150 13.1429 -9.6940  
58.3470 13.1146 -28.2669  
58.3810 13.1789 -29.1001  
58.4140 13.0268 -32.8706  
58.4480 12.9086 39.5585  
58.4820 12.6028 -41.2290  
58.5150 12.0501 -62.7797  
58.5480 10.8317 -71.4346  
58.5810 9.0952 -68.0365  
58.6150 7.8560 -69.4862  
58.6480 6.3569 -88.4314  
58.6810 4.7771 -51.8869  
58.7190 3.0680 -60.0501  
58.7480 1.2916 -60.6359  
58.7820 -0.5355 24.6841  
58.8150 -2.3175 -28.8370  
58.8480 -3.9727 -24.3793  
58.8820 -5.4883 -28.2439  
58.9150 -6.8409 -18.6341  
58.9480 -8.0051 -14.5348  
58.9810 -8.9000 -6.8156  
59.0520 -9.6237 0.0000  
59.0810 -10.0968 7.7557  
59.1140 -10.3364 17.4389  
59.1480 -10.5888 20.9227  
59.1810 -10.6597 26.1784  
59.2150 -10.5492 29.6833  
59.2480 -10.3479 -1.5914  
59.2820 -10.0698 4.4990  
59.3150 -9.5413 61.3587  
59.3470 -8.7840 64.4432  
59.3810 -7.8474 52.7661  
59.4140 -6.6553 84.2104  
59.4480 -5.2707 73.5868  
59.4820 -3.7323 66.1134  
59.5140 -2.0559 70.1544  
59.5480 -0.2583 65.3219  
59.5810 1.7524 62.9677  
59.6140 3.7867 11.8075  
59.6480 5.4348 -54.0438  
59.6820 6.9653 26.0450  
59.7150 8.3853 20.9281  
59.7480 9.5770 14.9812  
59.7820 10.9688 132.4579  
59.8480 11.7052 -65.2357  
59.8820 12.1875 -8.7342  
59.9150 12.3747 -22.0967  
59.9470 12.2750 -24.7601  
59.9810 12.0276 -31.9430  
60.0140 12.0729 33.0020  
60.0480 12.0444 4.3388  
60.0810 11.6551 -88.4287  
60.1150 11.0085 -61.1153  
60.1480 9.6876 -67.8479  
60.1820 8.5456 -74.0193  
60.2150 7.2111 -67.3587  
60.2480 5.6992 -75.8375  
60.2810 4.0615 -62.1174  
60.3150 2.3270 -60.4273  
60.3480 0.3666 -35.4686  
60.3810 -1.5532 16.7845  
60.4150 -3.2591 -22.8937  
60.4480 -4.8386 -24.7033  
60.4820 -6.2655 -20.9487  
60.5070 -7.5079 -26.8342  
60.5480 -8.5505 -5.5071  
60.5820 -9.4362 -27.4560  
60.6150 -10.4937 -114.1999  
60.6480 -10.8756 142.4879  
60.6810 -11.0987 12.6551  
60.7150 -11.3198 16.9042  
60.7480 -11.3821 24.5013  
60.7810 -11.2670 29.0429  
60.8150 -10.9701 32.5515  
60.8520 -10.7330 -34.3184  
60.8810 -10.2957 61.2736  
60.9150 -9.5596 60.4225  
60.9480 -8.2542 58.3173  
60.9820 -7.1421 81.4322  
61.0150 -5.8495 67.3655  
61.0490 -4.3778 69.5668  
61.0810 -2.7614 70.5172  
61.1150 -1.0329 61.1325  
61.1480 0.8529 81.2174  
61.1810 2.8964 9.2776  
61.2150 4.5900 -50.6259  
61.2480 6.1764 29.7728  
61.2820 7.6649 27.8061  
61.3140 8.9201 13.6134  
61.3480 9.9957 12.5706  
61.3810 11.0030 50.9699  
61.4150 12.1665 112.3113  
61.4480 12.5492 -173.6402  
61.4810 12.6277 -10.9314  
61.5150 12.5893 -25.4070  
61.5480 12.6241 -29.9621  
61.5820 12.4424 -34.7785  
61.6150 12.2962 39.4057  
61.6480 11.9656 -42.6819  
61.6820 11.3943 -58.2311  
61.7150 10.4305 -67.9569  
61.7480 8.8473 -71.9661  
61.7820 7.6001 -69.7289  
61.8140 6.1111 -86.8585  
61.8480 4.5307 -52.2457  
61.8820 2.8390 -61.8564  
61.9150 1.0752 -57.6535  
61.9480 -0.7101 32.8876  
61.9810 -2.4562 -30.8186  
62.0150 -4.1052 -29.6616  
62.0480 -5.6164 -26.2012  
62.0810 -6.9516 -18.6244  
62.1150 -8.0977 -14.1120  
62.1480 -8.9882 -6.8024  
62.2150 -9.6821 2.8529  
62.2480 -10.1334 9.7368  
62.2810 -10.3466 14.5253  
62.3160 -10.5972 20.3333  
62.3480 -10.6597 26.9888  
62.3810 -10.5108 33.5019  
62.4150 -10.3434 -20.0058  
62.4480 -10.0310 25.3314  
62.4810 -9.4630 62.9086  
62.5150 -8.6685 60.0304  
62.5480 -7.6852 62.9900  
62.5810 -6.4707 79.8073  
62.6150 -5.0689 69.1582  
62.6480 -3.5122 68.5376  
62.6740 -1.8340 79.9084  
62.7150 0.0432 75.5215  
62.7480 2.0233 10.5650  
62.7810 3.9046 -4.5955  
62.8140 5.5229 -16.8218  
62.8480 7.0255 26.0450  
62.8820 8.3894 20.3125  
62.9150 9.5493 17.9809  
62.9480 11.0441 172.7678  
62.9820 12.3310 5.3520  
63.0150 12.8218 -178.2819  
63.0480 12.9633 -11.9917  
63.0810 13.0070 -19.1080  
63.1150 12.9767 -26.2032  
63.1480 12.8934 -32.8906  
63.1810 12.6133 -32.7860  
63.2150 12.5017 69.8422  
63.2480 12.0249 -92.6576  
63.2820 10.7682 -61.7175  
63.3150 9.2424 -76.0075  
63.3480 8.0829 -67.2973  
63.3850 6.6987 -71.4380  
63.4150 5.1549 -74.1826  
63.4480 3.5349 -50.1176  
63.4820 1.7895 -68.8014  
63.5150 -0.0084 -48.6738  
63.5480 -1.8862 47.7446  
63.5810 -3.5639 -32.0589  
63.6140 -5.1230 -27.6137  
63.6480 -6.5025 -20.9400  
63.6850 -7.7173 -15.5435  
63.7140 -8.7000 -11.0798  
63.7480 -9.4806 -6.0067  
63.7810 -10.0691 8.0890  
63.8150 -10.4012 6.5813  
63.8480 -10.5405 9.7737  
63.8810 -10.7704 20.3097  
63.9150 -10.8135 23.7968  
63.9480 -10.6697 29.0275  
63.9810 -10.5182 -19.2311  
64.0150 -10.1670 41.8121  
64.0480 -9.6925 27.6473  
64.0810 -8.9782 66.4461  
64.1150 -8.0991 56.3361  
64.1480 -6.9783 80.0121  
64.1810 -5.6675 67.3709  
64.2140 -4.1854 72.1981  
64.2480 -2.5626 65.2128  
64.2810 -0.8284 62.7608  
64.3140 1.1301 48.7137  
64.3480 2.7795 -49.0720  
64.3820 4.4650 37.4599  
64.4140 6.0198 27.6460  
64.4480 7.4618 23.1941  
64.4820 8.6991 17.4390  
64.5150 9.7537 12.0009  
64.5990 10.6783 12.8953  
64.6140 11.2334 -98.6157  
64.6480 11.5282 -15.6107  
64.6810 11.5829 -24.0264  
64.7140 11.7058 -29.9427  
64.7480 11.5830 -34.7584  
64.7820 11.5131 41.5473  
64.8140 11.2137 -47.0641  
64.8480 10.6307 -65.9647  
64.8820 9.7864 -65.2116  
64.9150 8.6096 -67.9353  
64.9480 7.3306 -75.7874  
64.9810 5.8417 -79.6902  
65.0150 4.2397 -56.6021  
65.0480 2.5336 -61.4681  
65.0820 0.7919 -45.2255  
65.1150 -0.9968 28.5436  
65.1520 -2.7343 -26.8716  
65.1810 -4.3388 -31.4585  
65.2150 -5.7985 -22.6016  
65.2480 -7.0858 -15.7300  
65.2810 -8.1649 -12.6778  
65.3150 -8.9939 -3.7875  
65.3850 -9.6271 0.4759  
65.4150 -10.0348 7.5409  
65.4480 -10.2313 17.4220  
65.4820 -10.4508 20.9487  
