Tempo Angle omega x y
s degrees degrees/s  
0.0310 -15.2688 -30.9454  
0.0640 -16.0342 12.7425  
0.0960 -16.5596 21.7588  
0.1300 -16.8015 33.0497  
0.1620 -16.7669 37.8911  
0.1960 -16.4731 40.5210  
0.2300 -15.9039 55.3542  
0.2670 -15.0872 45.9550  
0.2810 -14.0755 120.8526  
0.3300 -12.9146 51.5427  
0.3630 -11.4502 60.9957  
0.3960 -9.8505 53.7577  
0.4290 -8.0450 83.4873  
0.4630 -6.1687 53.8299  
0.4960 -4.2125 60.9826  
0.5290 -2.1467 74.9517  
0.5630 -0.0779 56.2376  
0.5960 1.9227 30.8815  
0.6310 3.8906 38.9743  
0.6630 5.7356 40.5141  
0.6960 7.4812 30.8997  
0.7300 9.1190 20.4390  
0.7630 10.8068 98.6693  
0.7960 11.8478 -140.5688  
0.8300 12.8670 52.8045  
0.8630 13.5977 -12.5051  
0.8850 14.0764 -27.5831  
0.9300 14.3499 -22.9616  
0.9630 14.3670 -36.3633  
0.9820 14.1180 -71.8374  
1.0300 13.6363 -27.2255  
1.0630 12.8472 -72.0923  
1.0970 11.5296 -59.6887  
1.1300 10.4566 -66.4116  
1.1630 9.0289 -53.1256  
1.1970 7.3249 -93.3652  
1.2290 5.5350 -45.8461  
1.2630 3.6289 -64.5296  
1.2820 1.6102 -122.4843  
1.3290 -0.4584 -39.6445  
1.3630 -2.5667 -50.0934  
1.3970 -4.6084 -50.4039  
1.4300 -6.6024 -47.0559  
1.4630 -8.4989 -36.8344  
1.4970 -10.3073 -25.6709  
1.5300 -11.8582 -18.1762  
1.5640 -13.2912 -8.4346  
1.5970 -14.4677 11.2079  
1.6290 -15.4867 -23.4997  
1.6620 -16.2525 20.2699  
1.6960 -16.7609 25.6107  
1.7290 -16.9855 34.0512  
1.7460 -16.9337 71.3244  
1.7970 -16.6225 27.0140  
1.8300 -16.0358 57.0316  
1.8630 -15.2191 51.5253  
1.8970 -14.2045 49.7628  
1.9290 -12.9743 78.9248  
1.9640 -11.4677 57.5102  
1.9960 -9.8103 68.0041  
2.0300 -7.9823 75.7975  
2.0660 -6.1061 44.6127  
2.0800 -4.1499 143.7448  
2.1300 -2.0844 49.4069  
2.1620 -0.0156 59.8481  
2.1790 2.0191 79.9717  
2.2300 4.0212 26.7791  
2.2630 5.8833 34.0995  
2.2970 7.6297 25.1861  
2.3300 9.2444 26.0479  
2.3630 10.7844 55.4526  
2.4300 12.2468 12.3751  
2.4630 13.2420 -80.5777  
2.4960 13.9232 -20.2934  
2.5300 14.3379 -22.0439  
2.5630 14.4745 -43.0914  
2.5960 14.3379 -41.3859  
2.6120 13.9581 -81.6611  
2.6640 13.2717 -42.5102  
2.6840 12.2793 -109.9798  
2.7300 10.8848 -47.6528  
2.7640 9.2379 -49.8285  
2.7960 7.5394 -99.2263  
2.8300 5.7553 -44.8564  
2.8630 3.8100 -71.5913  
2.8960 1.7741 -70.5213  
2.9300 -0.2945 -49.8085  
2.9630 -2.4028 -51.5822  
2.9960 -4.4612 -51.8970  
3.0300 -6.4548 -45.6373  
3.0630 -8.3507 -36.8035  
3.0960 -10.1872 -33.3522  
3.1120 -11.7608 -34.1311  
3.1630 -13.2331 -10.0347  
3.2300 -14.4251 6.5597  
3.2630 -15.3424 12.7595  
3.2970 -16.0207 20.4598  
3.3300 -16.4249 31.4782  
3.3630 -16.5374 36.5253  
3.3960 -16.3650 39.2768  
3.4300 -15.8830 55.3542  
3.4630 -15.1209 51.5253  
3.4970 -14.1350 49.7628  
3.5300 -12.8454 76.5331  
3.5640 -11.3817 64.1288  
3.5960 -9.7592 62.7690  
3.6300 -7.9486 75.7975  
3.6460 -6.0812 100.3785  
3.6970 -4.1163 42.7526  
3.7300 -2.0792 61.1943  
3.7630 -0.0104 66.6096  
3.7970 2.0243 39.9859  
3.8300 4.0093 36.2014  
3.8630 5.8972 47.1106  
3.8790 7.6546 54.7255  
3.9330 9.2694 10.7781  
3.9470 10.6537 19.4928  
3.9970 11.7488 -25.7370  
4.0310 12.9038 81.7742  
4.0630 13.6802 -55.1991  
4.0970 14.1763 -17.8339  
4.1290 14.4775 -18.3913  
4.1460 14.5469 -66.0675  
4.1970 14.2890 -33.6970  
4.2300 13.8129 -39.5862  
4.2630 13.0575 -67.0156  
4.2970 12.0547 -64.7152  
4.3300 10.9614 -66.4392  
4.3630 9.4259 -49.7334  
4.3790 7.7493 -198.5652  
4.4300 5.9758 -30.9064  
4.4630 4.0448 -65.5396  
4.4790 1.9735 -157.9035  
4.5300 -0.0952 -33.1903  
4.5630 -2.2034 -51.5535  
4.5790 -4.2787 -117.7038  
4.6300 -6.2547 -23.6458  
4.6460 -8.1410 -81.0320  
4.6970 -9.9498 -16.9809  
4.7330 -11.5105 -19.3231  
4.7490 -13.2693 -222.3060  
4.7800 -14.3682 143.0696  
4.8300 -15.6352 -84.1339  
4.8630 -16.3259 123.3529  
4.8810 -16.7771 38.4976  
4.9290 -16.9365 21.5629  
4.9460 -16.8629 66.1212  
4.9960 -16.5051 30.8936  
5.0120 -15.8902 106.6181  
5.0640 -15.0361 32.6260  
5.0970 -13.6574 51.1768  
5.1120 -12.4867 156.9568  
5.1680 -10.6775 38.9099  
5.1960 -9.0579 77.6882  
5.2300 -7.2463 76.8398  
5.2630 -5.3810 47.6321  
5.2970 -3.4266 59.2468  
5.3300 -1.3029 98.1525  
5.3640 0.7487 28.9403  
5.3960 2.7498 37.2303  
5.4120 4.7187 85.4783  
5.4640 6.5897 26.4422  
5.4970 8.3208 23.6248  
5.5150 9.9205 47.8794  
5.5640 11.3017 8.7085  
5.5970 12.6722 44.4041  
5.6300 13.7346 -32.3137  
5.6460 14.3905 -51.6062  
5.6970 14.8703 -15.2537  
5.7300 15.1445 -26.1670  
5.7460 15.1617 -75.2213  
5.7960 14.9109 -26.0925  
5.8120 14.4451 -85.6095  
5.8670 13.7137 -32.6218  
5.8790 12.6776 -218.4709  
5.9300 11.2755 -43.0122  
5.9640 9.8299 -44.1598  
5.9970 8.1717 -89.4498  
6.0130 6.3199 -169.5582  
6.0640 4.3957 -31.1594  
6.0970 2.3717 -66.6704  
6.1300 0.2913 -56.6725  
6.1460 -1.8170 -102.9663  
6.1970 -3.9167 -33.5101  
6.2300 -5.8919 -41.6803  
6.2460 -7.7860 -86.4857  
6.3010 -9.6077 -14.1250  
6.3140 -11.2036 -53.3994  
6.3640 -12.5531 -4.9829  
6.4300 -13.7437 0.0000  
6.4460 -14.6721 26.4331  
6.4970 -15.3267 16.9918  
6.5300 -15.7388 23.5600  
6.5460 -15.8419 86.3501  
6.5970 -15.6530 30.2879  
6.6300 -15.1721 46.5378  
6.6460 -14.4438 106.0883  
6.6970 -13.4603 36.4337  
6.7120 -12.2164 156.9568  
6.7640 -10.7546 41.9030  
6.7970 -9.1359 60.3634  
6.8130 -7.3234 175.3040  
6.8640 -5.4323 30.6436  
6.8970 -3.4780 61.0421  
6.9300 -1.4760 61.2620  
6.9460 0.5926 137.5847  
6.9970 2.6106 23.3602  
7.0300 4.5796 41.4440  
7.0460 6.4255 70.3056  
7.0980 8.1566 19.8024  
7.1310 9.7574 20.8843  
7.1550 11.2943 90.2543  
7.1790 12.1911 -201.6018  
7.2300 13.8121 181.4991  
7.2480 14.5898 -356.1924  
7.2970 15.0695 -15.8763  
7.3130 15.3438 -53.9694  
7.3640 15.3609 -23.5989  
7.3970 15.1351 -39.5341  
7.4120 14.6694 -91.3168  
7.4640 13.9133 -42.5735  
7.4970 12.7205 -66.7280  
7.5130 11.7921 -137.1013  
7.5640 9.7879 -29.4399  
7.5970 8.1071 -96.3118  
7.6130 6.3325 -107.1769  
7.6640 4.4251 -42.9785  
7.6970 2.4053 -70.5387  
7.7130 0.3300 -116.2309  
7.7630 -1.7783 -33.9836  
7.7790 -3.8360 -106.8135  
7.8310 -5.8112 -26.4509  
7.8640 -7.6879 -36.6761  
7.8790 -9.5096 -63.3558  
7.9300 -11.0829 -13.6116  
7.9660 -12.5105 -7.1811  
7.9800 -13.7256 -4.7625  
8.0300 -14.7004 1.5209  
8.0460 -15.4469 26.4331  
8.0970 -15.9367 16.9918  
8.1300 -16.1780 23.5600  
8.1460 -16.1435 86.3501  
8.1970 -15.8336 30.2879  
8.2300 -15.2750 46.5378  
8.2460 -14.4773 106.0883  
8.2970 -13.4847 33.1282  
8.3160 -12.2332 132.7860  
8.3640 -10.7795 43.7094  
8.3970 -9.1593 63.3002  
8.4130 -7.3698 159.9121  
8.4640 -5.4955 31.8720  
8.4970 -3.5579 61.0273  
8.5130 -1.5528 138.8332  
8.5640 0.4819 35.8866  
8.5970 2.4828 41.2257  
8.6130 4.4445 81.0625  
8.6680 6.2734 21.7246  
8.6820 7.9782 61.2236  
8.7300 9.8252 73.1546  
8.7460 11.4539 23.4754  
8.7810 12.7792 -40.2563  
8.8300 14.0971 39.5879  
8.8460 14.8371 -222.3390  
8.8970 15.3711 -4.5091  
8.9130 15.6280 -88.1761  
8.9640 15.6350 -23.5657  
8.9790 15.4028 -79.7542  
9.0310 14.9544 -25.1166  
9.0640 13.9335 -67.0543  
9.0800 12.6549 -137.5787  
9.1310 11.3148 -39.6985  
9.1670 9.6071 -48.2242  
9.1830 7.9612 -183.6761  
9.2140 6.1664 -55.4731  
9.2640 4.2766 -47.2157  
9.2960 2.2700 -74.0556  
9.3130 0.2181 -96.9891  
9.3630 -1.8731 -33.9836  
9.3790 -3.9139 -106.8135  
9.4310 -5.8721 -26.4509  
9.4640 -7.7489 -36.6761  
9.4970 -9.5471 -28.7981  
9.5130 -11.1035 -32.5256  
9.5680 -12.5301 -7.6646  
9.5820 -13.3774 245.1061  
9.6310 -14.4412 -92.5310  
9.6460 -15.1876 101.6057  
9.6970 -15.6775 16.9918  
9.7300 -15.9102 26.1476  
9.7640 -15.8758 38.1238  
9.7790 -15.5658 102.9788  
9.8300 -15.0072 30.1127  
9.8460 -14.2269 106.0883  
9.8970 -13.2186 36.4337  
9.9290 -12.3180 73.5735  
9.9460 -10.7575 121.4365  
9.9980 -9.1372 40.8180  
10.0310 -7.3246 84.5339  
10.0460 -5.4628 90.3186  
10.0970 -3.5315 39.0561  
10.1130 -1.5116 151.8483  
10.1640 0.5459 37.5074  
10.1970 2.5515 35.6959  
10.2130 4.5065 84.5081  
10.2640 6.3373 21.8039  
10.2980 8.0858 36.5119  
10.3340 9.6678 12.7101  
10.3480 11.1372 118.9048  
10.4310 12.5879 14.0600  
10.4640 13.5563 -85.8074  
10.4800 14.2136 -42.5719  
10.5310 14.5685 -21.7865  
10.5630 14.6867 -37.1279  
10.5790 14.5347 -84.4565  
10.6300 14.1704 -19.7923  
10.6460 13.4687 -133.3555  
10.7010 12.4868 -42.6343  
10.7150 11.1381 -143.0339  
10.7640 9.5234 -30.4713  
10.7980 7.8783 -92.2265  
10.8130 6.1317 -113.0773  
10.8640 4.2822 -41.9650  
10.8970 2.3185 -70.6032  
10.9130 0.3228 -104.4683  
10.9640 -1.7230 -29.6263  
10.9970 -3.7412 -56.2705  
11.0130 -5.6530 -80.0848  
11.0640 -7.4834 -23.3004  
11.0800 -9.2669 -63.9853  
11.1300 -10.8054 -13.7078  
11.1460 -12.1892 -9.3928  
11.2310 -13.3687 -1.1369  
11.2640 -14.2905 7.4824  
11.2970 -14.9596 25.9505  
11.3130 -15.3752 63.9333  
11.3640 -15.4864 23.2829  
11.3790 -15.3244 96.7096  
11.4300 -14.8918 29.7722  
11.4460 -14.1889 104.9010  
11.4970 -13.2504 32.7608  
11.5130 -12.0474 155.9500  
11.5640 -10.6357 39.0108  
11.5790 -9.0170 154.4812  
11.6310 -7.2255 49.6949  
11.6630 -5.3975 43.4042  
11.6880 -3.4890 79.6744  
11.7130 -1.4560 107.7973  
11.7640 0.5898 32.3042  
11.7790 2.5857 78.5310  
11.8310 4.5426 24.6567  
11.8460 6.4143 109.4867  
11.8970 8.1716 16.6011  
11.9130 9.7365 24.4996  
11.9640 11.1378 18.6141  
11.9970 12.2706 -39.2987  
12.0130 13.4595 159.5811  
12.0630 14.1584 -44.1152  
12.0820 14.6498 -22.4809  
12.1300 14.9039 -24.8944  
12.1460 14.9109 -74.3065  
12.1970 14.6353 -23.2053  
12.2130 14.1629 -70.1367  
12.2630 13.4635 -37.5455  
12.2800 12.4033 -156.3880  
12.3310 11.2892 -36.0045  
12.3640 9.7595 -48.5571  
12.3790 8.1368 -209.0541  
12.4310 6.3814 -33.7228  
12.4640 4.5315 -64.8701  
12.4800 2.5509 -155.9977  
12.5310 0.5382 -29.4906  
12.5640 -1.5132 -45.7633  
12.5790 -3.5626 -123.7219  
12.6310 -5.4818 -26.1114  
12.6630 -7.3286 -34.7206  
12.6800 -9.1174 -60.1725  
12.7320 -10.6610 -13.1692  
12.7630 -12.3755 -111.6697  
12.7800 -13.3835 289.6925  
12.8300 -14.6408 -99.7791  
12.8490 -15.3779 194.5982  
12.8970 -15.8956 14.2544  
12.9130 -16.1254 63.8820  
12.9640 -16.1009 23.2658  
12.9790 -15.8202 96.7078  
13.0310 -15.2686 32.4160  
13.0630 -14.4809 52.3990  
13.0800 -13.1967 88.3999  
13.1310 -12.1721 45.6565  
13.1630 -10.4331 67.3489  
13.1800 -8.8488 126.5648  
13.2130 -7.0744 78.3071  
13.2640 -5.2467 30.4847  
13.2790 -3.3161 147.7491  
13.3310 -1.3298 38.5960  
13.3460 0.6656 118.4912  
13.3970 2.6279 26.3900  
13.4130 4.5752 84.5081  
13.4650 6.4008 21.3846  
13.4970 8.0957 26.4958  
13.5130 9.6435 42.5384  
13.5640 10.9752 8.2924  
13.5800 12.2668 72.1175  
13.6300 13.4476 22.1762  
13.6460 14.1592 -167.8501  
13.6800 14.6503 -12.5806  
13.7130 14.9044 -31.0252  
13.7640 14.8874 -26.6331  
13.7790 14.6642 -63.3942  
13.8310 14.2208 -26.0447  
13.8460 13.5338 -116.9423  
13.8970 12.5433 -51.2307  
13.9130 11.2205 -135.6010  
13.9470 9.6375 -43.9145  
13.9800 8.0322 -88.1167  
14.0310 6.2773 -37.7257  
14.0460 4.4247 -133.3983  
14.0970 2.4570 -49.2140  
14.1130 0.4212 -101.9204  
14.1630 -1.6470 -33.5853  
14.1800 -3.6918 -89.3694  
14.2300 -5.6280 -30.5610  
14.2460 -7.4669 -74.7094  
14.2980 -9.2333 -14.7767  
14.3130 -10.7945 -57.0912  
14.3640 -12.1880 -4.8416  
14.4300 -13.3644 2.5885  
14.4460 -14.2649 15.4783  
14.4980 -14.9169 16.4545  
14.5160 -15.2987 56.7840  
14.5640 -15.4175 23.1495  
14.5790 -15.2477 90.4587  
14.6310 -14.7898 32.4348  
14.6460 -14.0873 111.8390  
14.6980 -13.1321 32.1177  
14.7310 -11.9194 70.5600  
14.7460 -10.5083 143.6777  
14.7980 -8.9067 41.3769  
14.8130 -7.1315 172.8714  
14.8640 -5.3204 27.0588  
14.8820 -3.4213 110.6589  
14.9300 -1.4579 41.6390  
14.9460 0.5543 135.9908  
14.9970 2.5334 26.3900  
15.0130 4.4806 84.5081  
15.0640 6.2893 18.4862  
15.0800 7.9842 63.5667  
15.1300 9.5320 13.6123  
15.1460 11.0075 116.8384  
15.2320 12.2581 -10.0903  
15.2630 13.2094 -32.3113  
15.2800 13.9181 -25.1613  
15.3300 14.2897 -23.8806  
15.3460 14.4080 -74.2557  
15.3970 14.2621 -25.2954  
15.4130 13.9203 -63.4483  
15.4640 13.2412 -46.2164  
15.4800 12.2763 -136.0628  
15.5310 10.9242 -39.2642  
15.5460 9.5103 -99.0048  
15.5980 7.9047 -56.1488  
15.6310 6.1498 -58.1862  
15.6490 4.3142 -111.1652  
15.6800 2.3505 -79.6499  
15.7130 0.3655 -45.5763  
15.7650 -1.7028 -35.5142  
15.7800 -3.7042 -112.5738  
15.8310 -5.6237 -26.6416  
15.8470 -7.4626 -74.7094  
15.8970 -9.2298 -15.3678  
15.9130 -10.7906 -53.5230  
15.9640 -12.1868 -5.3720  
15.9810 -13.5338 -88.7377  
16.0140 -14.3911 73.5665  
16.0640 -15.0729 5.0154  
16.0790 -15.4848 56.8416  
16.1310 -15.6338 18.0890  
16.1460 -15.5279 79.3280  
16.1980 -15.1671 26.0224  
16.2130 -14.5445 123.3580  
16.2640 -13.6856 29.5385  
16.2800 -12.6325 104.2137  
16.3140 -11.1961 68.4040  
16.3640 -9.7870 43.0734  
16.3800 -8.1879 134.4436  
16.4310 -6.3883 56.0231  
16.4460 -4.5711 74.5042  
16.4970 -2.6734 39.0976  
16.5130 -0.6548 160.1215  
16.5650 1.3406 31.1513  
16.5790 3.3204 96.3633  
16.6300 5.2520 23.2531  
16.6460 7.0622 69.4673  
16.6980 8.7420 16.3449  
16.7160 10.2920 47.4067  
16.7640 11.9232 76.4326  
16.7800 13.0363 -253.9766  
16.8310 14.2570 60.2022  
16.8460 14.9368 -189.7600  
16.8980 15.4134 -7.9468  
16.9130 15.6341 -80.6361  
16.9640 15.6171 -23.3482  
16.9800 15.3705 -74.0713  
17.0310 14.9267 -21.9908  
17.0460 14.1615 -157.3750  
17.0800 12.8282 -59.1813  
17.1320 11.6842 -41.7565  
17.1640 10.1035 -40.5173  
17.1800 8.5150 -182.7037  
17.2300 6.7574 -42.1146  
17.2460 4.9207 -124.9869  
17.2970 2.9561 -48.4263  
17.3130 0.9598 -93.8796  
17.3640 -1.0919 -32.8586  
17.3800 -3.0760 -105.2785  
17.4310 -5.0113 -29.8972  
17.4460 -6.8488 -79.4982  
17.4800 -8.6335 -22.6310  
17.5310 -10.2114 -16.7456  
17.5460 -11.5350 29.0906  
17.5970 -12.5160 27.9740  
17.6130 -13.4195 -105.9459  
17.6640 -14.1554 3.4145  
17.6800 -14.6554 42.6484  
17.7310 -14.8851 19.9909  
17.7460 -14.8512 74.1085  
17.7810 -14.5626 38.6863  
17.8130 -14.0119 57.8555  
17.8650 -13.2250 28.9836  
17.8800 -12.3151 111.2022  
17.9310 -11.3151 45.6147  
17.9460 -9.9468 132.5627  
17.9980 -8.3642 44.5527  
18.0130 -6.5716 185.5196  
18.0640 -4.7453 26.6155  
18.0830 -2.8306 104.9462  
18.1310 -0.8512 41.7015  
18.1460 1.1610 145.3427  
18.1970 3.1575 26.4527  
18.2130 5.0888 63.5098  
18.2640 6.9155 25.1221  
18.2800 8.6455 63.7699  
18.3310 10.2371 18.2922  
18.3470 11.7429 120.3254  
18.3970 12.7157 -79.4534  
18.4130 13.9604 294.5650  
18.4650 14.7346 -51.9903  
18.4800 15.2265 -42.8105  
18.5310 15.4643 -23.3925  
18.5470 15.4813 -74.4756  
18.5980 15.2346 -26.5665  
18.6130 14.7848 -67.4535  
18.6640 14.0453 -38.5036  
18.6800 12.8614 -157.4274  
18.7310 11.8743 -39.3050  
18.7470 10.2920 -77.3878  
18.7980 8.6654 -61.7152  
18.8300 6.8765 -70.7874  
18.8490 5.0394 -88.1273  
18.8810 3.0708 -78.3369  
18.9310 1.0745 -32.6371  
18.9460 -0.9881 -111.7191  
18.9980 -3.0229 -32.3934  
19.0130 -4.9413 -90.3261  
19.0640 -6.7783 -23.3649  
19.0800 -8.5685 -48.1125  
19.1310 -10.1123 -13.3799  
19.1460 -11.4541 -16.4266  
19.2310 -12.7277 -11.6709  
19.2470 -13.6097 88.0765  
19.2990 -14.2603 13.1119  
19.3130 -14.6415 72.7685  
19.3640 -14.7431 21.7998  
19.3800 -14.5738 84.5729  
19.4310 -14.1003 36.2818  
19.4470 -13.3993 94.1541  
19.4980 -12.4632 32.6945  
19.5130 -11.2699 155.0490  
19.5650 -9.7786 38.2333  
19.5800 -8.1966 154.4423  
19.6350 -6.3944 52.4387  
19.6630 -4.5849 38.9504  
19.6770 -2.7039 130.5396  
19.7300 -0.7414 40.9075  
19.7460 1.2541 136.2588  
19.7970 3.2170 23.1393  
19.8130 5.1244 69.5601  
19.8650 6.9346 26.0271  
19.8800 8.6541 72.1239  
19.9310 10.2041 12.1842  
19.9460 11.6353 113.0523  
20.0130 12.8032 -23.0243  
20.0640 13.7730 -3.0030  
20.0800 14.4406 -53.3325  
20.1310 14.8398 -9.9055  
20.1460 14.9753 -97.0819  
20.1980 14.8640 -26.0556  
20.2130 14.5161 -67.4535  
20.2650 13.8299 -44.2740  
20.2800 12.8635 -145.3513  
20.3310 11.5271 -39.3050  
20.3470 10.2199 -78.1314  
20.3980 8.6144 -61.4998  
20.4160 6.9003 -107.7356  
20.4640 5.0391 -41.1781  
20.4800 3.0742 -155.8052  
20.5310 1.0946 -29.4412  
20.5460 -0.9513 -111.6670  
20.5980 -2.9353 -32.3753  
20.6130 -4.8367 -90.2681  
20.6640 -6.6657 -25.1221  
20.6800 -8.4548 -53.1208  
20.7310 -9.9984 -13.3799  
20.7460 -11.3871 -25.9818  
20.8320 -12.5642 1.6158  
20.8460 -13.4499 30.1124  
20.8980 -14.1430 8.1584  
20.9130 -14.5410 85.0897  
20.9640 -14.6523 23.1957  
20.9800 -14.5000 80.1232  
21.0310 -14.0346 36.2818  
21.0460 -13.3335 100.4311  
21.0980 -12.3974 32.0657  
21.1130 -11.1898 155.0490  
21.1630 -9.7973 39.7627  
21.1800 -8.2153 136.2726  
21.2310 -6.3899 56.0231  
21.2460 -4.5805 74.5042  
21.2980 -2.7066 35.1453  
21.3130 -0.7441 144.5398  
21.3640 1.2514 42.7479  
21.3800 3.1910 59.1792  
21.4310 5.0984 26.3960  
21.4470 6.8916 73.9880  
21.4980 8.5879 19.9909  
21.5130 10.1209 45.4916  
21.5480 11.6208 72.2108  
21.6310 12.9675 -5.0043  
21.6470 13.9373 -121.3172  
21.6970 14.6049 -17.0664  
21.7130 14.9941 -37.8172  
21.7640 15.1529 -26.5948  
21.7800 15.0416 -84.6807  
21.8310 14.7107 -19.8393  
21.8460 14.0264 -167.7068  
21.8810 13.0771 -56.1977  
21.9140 11.6746 -60.7441  
21.9470 10.1886 -37.8819  
21.9800 8.5832 -95.0175  
22.0140 6.8703 -56.7136  
22.0640 5.0190 -39.7688  
22.0800 3.0541 -155.8052  
22.1310 1.0745 -29.4412  
22.1460 -0.9713 -111.6670  
22.1980 -2.9340 -32.3753  
22.2130 -4.8282 -85.4562  
22.2650 -6.6403 -22.7655  
22.2800 -8.4293 -67.9689  
22.3310 -9.9730 -13.3799  
22.3460 -11.5389 -143.2996  
22.4310 -12.9304 -2.8815  
22.4470 -13.8160 160.3265  
22.4970 -14.5020 9.9104  
22.5130 -14.9000 75.3162  
22.5650 -14.9945 25.9908  
22.5800 -14.8263 89.6351  
22.6130 -14.3778 49.0689  
22.6650 -13.6767 28.9705  
22.6800 -12.7407 111.1612  
22.7310 -11.3571 45.6027  
22.7490 -9.7272 123.2486  
22.7810 -8.1451 65.1966  
22.8130 -6.3282 88.8862  
22.8480 -4.5188 32.2966  
22.8800 -2.6451 62.3118  
22.9320 -0.6469 49.8004  
22.9460 1.3486 113.7280  
22.9980 3.3115 22.6943  
23.0140 5.2358 80.1078  
23.0650 7.0753 28.9795  
23.0800 8.7779 56.6278  
23.1140 10.3279 16.4861  
23.1650 11.6486 10.8029  
23.2310 13.1755 48.3727  
23.2470 14.1610 -213.7499  
23.2980 14.7955 -18.0450  
23.3130 15.1981 -48.4848  
23.3640 15.3877 -18.2654  
23.3800 15.2764 -115.1214  
23.4310 14.8992 -23.1527  
23.4470 14.2069 -143.8906  
23.5020 13.2405 -39.6413  
23.5160 12.0186 -143.1825  
23.5640 10.3524 -26.0438  
23.5800 8.7369 -182.0341  
23.6310 6.9971 -42.4154  
23.6470 5.1325 -123.5343  
23.6980 3.1135 -48.8801  
23.7130 1.1170 -100.1001  
23.7470 -0.9289 -49.2649  
23.7990 -2.8960 -29.1296  
23.8370 -4.7733 -33.7361  
23.8530 -6.5685 -73.9364  
23.8810 -8.3575 -42.4646  
23.9350 -9.9065 -9.4735  
23.9490 -11.5751 -240.0047  
24.0310 -13.0796 -4.0905  
24.0470 -13.9653 230.9679  
24.0970 -14.6354 13.0871  
24.1130 -15.0333 65.3891  
24.1480 -15.1447 38.6149  
24.1810 -14.9828 43.9604  
24.2310 -14.5512 30.2621  
24.2470 -13.8167 115.0279  
24.2970 -12.8811 29.9972  
24.3130 -11.3770 145.3212  
24.3640 -9.6240 42.2228  
24.3800 -8.0254 134.4392  
24.4140 -6.2017 85.4697  
24.4650 -4.3756 20.9657  
24.4800 -2.4853 132.9683  
24.5310 -0.5048 46.1199  
24.5460 1.5075 122.1012  
24.5800 3.4708 39.7022  
24.6130 5.3858 30.8127  
24.6650 7.1793 21.3746  
24.6820 8.8596 60.0188  
24.7140 10.3931 21.3417  
24.7470 11.6657 8.9892  
24.8140 13.1906 53.6273  
24.8480 14.1442 -109.3701  
24.8810 14.7858 -23.2677  
24.9140 15.1587 -25.9287  
24.9470 15.2774 -36.1356  
24.9800 15.1588 -41.0841  
25.0140 14.8339 -27.9971  
25.0470 14.2101 -59.6438  
25.0810 13.2955 -65.4563  
25.1140 12.1156 -71.3753  
25.1480 10.4572 -35.0783  
25.1810 8.9018 -81.4820  
25.2310 7.1798 -48.6728  
25.2470 5.3445 -124.2583  
25.2810 3.3959 -68.4040  
25.3310 1.4162 -33.3484  
25.3470 -0.6358 -104.6400  
25.3800 -2.6424 -45.8762  
25.4310 -4.5714 -28.4442  
25.4490 -6.3833 -65.7213  
25.4810 -8.1607 -26.5201  
25.5140 -9.7374 -20.6447  
25.5650 -11.4501 -74.4083  
25.6310 -12.9534 1.6223  
25.6470 -13.8553 230.4843  
25.6980 -14.5054 16.6914  
25.7130 -14.8863 67.8161  
25.7470 -14.9976 34.7462  
25.7810 -14.8188 42.6691  
25.8140 -14.3705 45.8276  
25.8480 -13.6701 49.1987  
25.8810 -12.7349 50.4919  
25.9140 -11.2044 65.4172  
25.9470 -9.4526 70.2688  
25.9810 -7.8711 58.3976  
26.0130 -6.0841 90.8116  
26.0640 -4.2920 20.9657  
26.0800 -2.3916 141.4453  
26.1140 -0.4106 66.3941  
26.1480 1.5850 48.7539  
26.1800 3.5144 31.6188  
26.2310 5.4127 26.5665  
26.2470 7.2063 69.4673  
26.2810 8.8530 24.9980  
26.3140 10.3865 25.8582  
26.3470 11.8921 79.5916  
26.4320 13.3548 7.5467  
26.4470 14.2645 -217.8663  
26.4810 14.8715 -22.5925  
26.5320 15.2274 -16.7642  
26.5470 15.3629 -79.4407  
26.5800 15.2274 -41.0573  
26.6140 14.8855 -28.0080  
26.6480 14.2658 -56.7326  
26.6980 13.2994 -52.2629  
26.7160 11.8866 -102.0965  
26.7480 10.2903 -37.2707  
26.7810 8.7072 -95.0546  
26.8140 7.0012 -60.5066  
26.8480 5.1830 -58.1517  
26.8800 3.2514 -72.6792  
26.9140 1.2886 -49.0417  
26.9470 -0.7465 -50.7345  
26.9800 -2.7400 -45.8762  
27.0130 -4.6005 -38.8519  
27.0470 -6.3954 -34.7697  
27.0800 -8.1728 -30.8483  
27.1140 -9.7047 -20.0375  
27.1470 -11.3621 -98.5542  
27.2320 -12.8257 -0.4531  
27.2640 -13.7105 108.1663  
27.2800 -14.3606 42.5461  
27.3140 -14.7415 29.9189  
27.3480 -14.8528 34.7462  
27.3800 -14.6909 45.3359  
27.4140 -14.2595 44.4798  
27.4480 -13.5591 49.1987  
27.4840 -12.6405 41.6628  
27.5140 -11.1477 83.0312  
27.5470 -9.4522 60.2293  
27.5810 -7.9043 58.3993  
27.6140 -6.1173 93.0734  
27.6480 -4.3251 31.4485  
27.6800 -2.4195 72.3626  
27.7140 -0.4645 57.2143  
27.7480 1.5143 51.4403  
27.7810 3.4268 30.6430  
27.8140 5.3248 41.0310  
27.8470 7.0849 33.6857  
27.8810 8.7481 29.9863  
27.9140 10.2811 20.6780  
27.9470 11.7498 73.6096  
27.9810 12.7587 -103.7755  
28.0150 13.9580 124.0963  
28.0480 14.6508 -94.5462  
28.0800 15.1089 -18.6624  
28.1140 15.3805 -25.1464  
28.1480 15.3974 -35.0474  
28.1820 15.1678 -39.8497  
28.2140 14.7409 -29.7585  
28.2470 14.0572 -57.1486  
28.2810 12.8650 -78.1219  
28.3170 11.8252 -55.6821  
28.3480 10.2384 -40.3259  
28.3800 8.6724 -91.0170  
28.4140 6.9664 -58.7270  
28.4470 5.1294 -65.6342  
28.4810 3.1978 -62.8518  
28.5140 1.2349 -50.5278  
28.5510 -0.8002 -45.2497  
28.5800 -2.7980 -52.2040  
28.6140 -4.6585 -37.7092  
28.6480 -6.4367 -34.7697  
28.6800 -8.1917 -31.8123  
28.7140 -9.7235 -20.0375  
28.7470 -11.3672 -94.3697  
28.8140 -12.8181 -3.5720  
28.8480 -13.7030 103.6486  
28.8810 -14.3530 20.6284  
28.9140 -14.7339 30.8255  
28.9470 -14.8453 35.7991  
28.9810 -14.6834 42.6691  
29.0140 -14.2520 45.8276  
29.0470 -13.5516 50.6895  
29.0810 -12.6330 44.1136  
29.1150 -11.1539 73.2628  
29.1470 -9.4522 62.1115  
29.1810 -7.9043 58.3993  
29.2140 -6.1173 93.0734  
29.2470 -4.3417 27.3733  
29.2810 -2.4849 58.6464  
29.3140 -0.5382 71.1804  
29.3470 1.4405 55.5412  
29.3810 3.3531 29.7418  
29.4140 5.2511 41.0310  
29.4470 7.0111 33.6857  
29.4810 8.6574 24.9789  
29.5140 10.1903 25.8371  
29.5480 11.6600 71.7343  
29.6150 12.8847 -23.0857  
29.6480 13.8207 -27.0370  
29.6810 14.4622 -18.0969  
29.7160 14.8348 -24.4279  
29.7480 14.9872 -37.2378  
29.7810 14.8687 -41.0573  
29.8150 14.5438 -28.0080  
29.8470 13.9400 -60.6080  
29.8810 12.9907 -76.5469  
29.9150 11.5970 -58.9575  
29.9480 10.2331 -37.8819  
29.9810 8.6670 -88.2589  
30.0140 6.9611 -60.5066  
30.0480 5.1407 -58.7985  
30.0800 3.1924 -77.1944  
30.1140 1.2296 -44.1453  
30.1480 -0.8055 -49.2424  
30.1810 -2.7980 -45.8762  
30.2180 -4.6654 -36.5493  
30.2440 -6.4437 -42.7677  
30.2810 -8.1987 -27.5134  
30.3140 -9.7305 -20.6447  
30.3470 -11.0619 0.2448  
30.4320 -12.5380 -40.5363  
30.4470 -13.4062 240.5353  
30.4800 -14.0392 25.7755  
30.5150 -14.4201 24.2110  
30.5480 -14.5315 35.7991  
30.5810 -14.3626 43.9621  
30.6150 -13.9312 44.4798  
30.6470 -13.2308 52.2736  
30.6800 -12.2956 50.4919  
30.7140 -11.1121 73.2449  
30.7480 -9.3854 58.4503  
30.7810 -7.8210 60.1672  
30.8140 -6.0510 88.0597  
30.8480 -4.2588 31.4485  
30.8810 -2.3529 70.2564  
30.9140 -0.3777 64.9754  
30.9480 1.6010 45.5062  
30.9810 3.5305 35.7607  
31.0150 5.4046 32.7342  
31.0470 7.1651 42.2940  
31.0810 8.8118 24.9980  
31.1140 10.3281 20.6780  
31.1480 11.8484 86.6080  
31.2150 13.0741 -28.0025  
31.2480 13.9611 -32.3788  
31.2810 14.5912 -12.9029  
31.3150 14.9638 -30.1876  
31.3480 15.0993 -36.1094  
31.3810 15.0049 -35.9366  
31.4150 14.6630 -32.9781  
31.4470 14.0440 -60.0503  
31.4810 13.1488 -61.1531  
31.5140 11.7213 -72.0902  
31.5480 10.3621 -35.0783  
31.5810 8.8409 -81.4820  
31.6140 7.1178 -74.0792  
31.6480 5.2996 -58.1517  
31.6810 3.3680 -70.4768  
31.7140 1.3882 -50.5278  
31.7480 -0.6468 -49.2424  
31.7810 -2.6411 -45.8762  
31.8140 -4.5557 -38.8519  
31.8470 -6.3506 -35.8234  
31.8810 -8.1280 -29.9410  
31.9140 -9.7047 -20.6447  
31.9470 -11.4128 -113.9224  
32.0150 -12.9189 0.6345  
32.0480 -13.8038 117.7822  
32.0810 -14.4368 25.7755  
32.1140 -14.8177 25.6784  
32.1480 -14.9291 34.7462  
32.1810 -14.7672 43.9621  
32.2140 -14.3358 45.8276  
32.2470 -13.6354 50.6895  
32.2810 -12.7168 44.1136  
32.3140 -11.1732 75.4829  
32.3480 -9.4352 58.4579  
32.3810 -7.8707 65.1826  
32.4140 -6.1008 88.0597  
32.4480 -4.3086 31.4485  
32.4800 -2.4517 57.1264  
32.5150 -0.4870 72.2774  
32.5470 1.5086 56.8876  
32.5800 3.4380 30.6607  
32.6140 5.3457 37.6978  
32.6480 7.1227 34.8425  
32.6810 8.7859 25.7556  
32.7140 10.3023 20.6780  
32.7480 11.5695 12.1610  
32.8140 12.7072 -3.4028  
32.8480 13.6433 -5.5556  
32.8810 14.2838 -12.9029  
32.9150 14.6225 -35.2053  
32.9480 14.7411 -36.0836  
32.9810 14.6129 -35.9134  
33.0150 14.2651 -29.7589  
33.0470 13.6020 -71.9453  
33.0810 12.6527 -64.1256  
33.1150 11.4616 -58.9575  
33.1480 10.1692 -37.5213  
33.1810 8.6032 -88.6195  
33.2140 6.8811 -60.1740  
33.2470 5.0634 -65.2725  
33.2810 3.1321 -68.4221  
33.3140 1.1526 -50.5465  
33.3470 -0.8933 -50.7577  
33.3810 -2.8604 -44.5511  
33.4150 -4.7449 -39.7990  
33.4480 -6.5400 -33.6906  
33.4810 -8.3179 -32.2971  
33.5150 -9.8498 -13.6504  
33.5480 -11.1213 18.7136  
33.6140 -12.5318 -53.6776  
33.6480 -13.4000 91.0499  
33.6800 -14.0554 14.3508  
33.7140 -14.4196 36.4339  
33.7480 -14.5141 34.7462  
33.7810 -14.3389 40.7185  
33.8150 -13.8906 47.6280  
33.8470 -13.1851 47.0562  
33.8810 -12.2666 49.0241  
33.9150 -11.1772 68.3864  
33.9470 -9.5183 67.2926  
33.9820 -7.9704 56.7308  
34.0140 -6.1827 89.2867  
34.0470 -4.4071 33.8656  
34.0810 -2.5669 53.7516  
34.1140 -0.5928 81.3081  
34.1480 1.3691 44.0253  
34.1810 3.2984 35.7402  
34.2140 5.1892 38.8437  
34.2480 6.9741 37.2554  
34.2810 8.6203 23.2244  
34.3140 10.1362 20.6613  
34.3480 11.3806 4.2031  
34.4140 12.6635 22.7671  
34.4480 13.5991 -48.3981  
34.4810 14.2231 -13.1274  
34.5140 14.6040 -28.3192  
34.5470 14.7613 -32.0058  
34.5810 14.6331 -46.2595  
34.6150 14.2771 -29.7418  
34.6480 13.5930 -76.1938  
34.6810 12.6441 -59.6099  
34.7150 11.4971 -54.0368  
34.7480 10.0761 -37.5213  
34.7810 8.5271 -88.6195  
34.8150 6.8052 -63.6231  
34.8480 4.9791 -59.8954  
34.8810 3.0259 -70.4955  
34.9150 1.0632 -49.0598  
34.9470 -0.9658 -52.3439  
34.9810 -2.8949 -44.5511  
35.0140 -4.7626 -41.0050  
35.0470 -6.5578 -33.6906  
35.0820 -8.3139 -24.2469  
35.1140 -9.8458 -21.2899  
35.1480 -11.1721 -3.1539  
35.2140 -12.3152 -2.1973  
35.2480 -13.1834 12.4345  
35.2810 -13.8168 20.6284  
35.3170 -14.1809 28.2567  
35.3480 -14.2754 38.1087  
35.3810 -14.1002 40.7185  
35.4140 -13.6519 49.0712  
35.4480 -12.9514 49.1987  
35.4810 -12.0329 45.4503  
35.5150 -10.8711 68.3864  
35.5480 -9.4795 65.2534  
35.5820 -7.9264 59.9290  
35.6150 -6.1608 85.0050  
35.6470 -4.3852 34.9239  
35.6810 -2.5450 53.7516  
35.7140 -0.6224 65.6999  
35.7480 1.3395 59.1745  
35.7810 3.2457 33.7901  
35.8140 5.1364 40.7938  
35.8480 6.9131 34.8179  
35.8810 8.5593 25.7359  
35.9140 10.0699 20.6613  
35.9480 11.4968 57.8559  
36.0150 12.9331 18.0935  
36.0470 13.8687 -99.3551  
36.0810 14.5193 -20.0536  
36.1150 14.8747 -27.6655  
36.1470 14.9996 -37.1850  
36.1810 14.8714 -34.8349  
36.2150 14.5237 -29.7418  
36.2480 13.8397 -76.1938  
36.2820 12.9160 -50.4278  
36.3150 11.5866 -63.3283  
36.3480 10.0122 -37.5213  
36.3810 8.4632 -88.6195  
36.4150 6.7661 -63.6231  
36.4470 4.9655 -61.7672  
36.4810 3.0512 -68.4221  
36.5140 1.0885 -50.5465  
36.5480 -0.9238 -44.3279  
36.5810 -2.8529 -50.9877  
36.6140 -4.7458 -41.0050  
36.6480 -6.5410 -32.6997  
36.6810 -8.2972 -25.7164  
36.7140 -9.8603 -30.1284  
36.7480 -11.2244 -5.0744  
36.8150 -12.3676 3.4812  
36.8480 -13.2669 3.3881  
36.8810 -13.9002 30.0517  
36.9150 -14.2811 29.9189  
36.9470 -14.3756 36.9178  
36.9810 -14.2066 37.7136  
37.0140 -13.7583 50.9333  
37.0480 -13.0578 49.1987  
37.0810 -12.1080 45.4503  
37.1150 -10.9083 68.3864  
37.1480 -9.5167 65.2534  
37.1820 -7.9319 60.1056  
37.2140 -6.1663 87.4739  
37.2490 -4.3908 31.9304  
37.2810 -2.5506 57.1111  
37.3140 -0.6385 60.6344  
37.3470 1.3234 66.0332  
37.3810 3.2360 34.6891  
37.4140 5.0930 28.6258  
37.4480 6.8527 39.7507  
37.4810 8.4989 30.8715  
37.5140 10.0090 20.6613  
37.5480 11.3839 42.5912  
37.6150 12.4199 -33.9179  
37.6520 13.3555 22.2811  
37.6810 14.0222 -23.7490  
37.7140 14.3775 -28.2948  
37.7480 14.4960 -34.9976  
37.7810 14.4015 -35.8905  
37.8150 14.0539 -34.6891  
37.8480 13.3743 -69.7540  
37.8810 12.4254 -60.9525  
37.9140 11.1479 -55.6743  
37.9480 9.9738 -36.4178  
37.9810 8.4026 -95.3780  
38.0140 6.7062 -58.7926  
38.0480 4.9032 -58.8077  
38.0810 2.9853 -70.8884  
38.1140 1.0227 -49.4592  
38.1470 -0.9896 -50.7577  
38.1810 -2.9231 -44.5511  
38.2150 -4.7908 -39.7990  
38.2480 -6.5937 -36.0582  
38.2810 -8.3499 -23.3488  
38.3150 -9.8595 -20.0375  
38.3480 -11.2108 -10.8427  
38.3810 -11.9721 118.2161  
38.4140 -12.8794 -115.1255  
38.4470 -13.5808 12.9195  
38.4810 -14.0466 20.0217  
38.5150 -14.2593 29.9189  
38.5470 -14.2254 34.7544  
38.5820 -13.9373 38.6141  
38.6150 -13.4042 50.9333  
38.6480 -12.6356 50.6895  
38.6810 -11.6813 45.4503  
38.7140 -10.8845 70.4588  
38.7480 -9.4925 63.3342  
38.7820 -7.9446 58.3993  
38.8140 -6.1804 88.8862  
38.8480 -4.4048 33.2465  
38.8810 -2.5576 55.3804  
38.9150 -0.6456 58.8510  
38.9480 1.3163 66.0332  
38.9810 3.2289 35.7402  
39.0150 5.1028 32.7409  
39.0470 6.8625 36.9682  
39.0820 8.5087 29.1074  
39.1220 10.2419 71.3703  
39.1470 11.6889 -0.6798  
39.1820 12.4880 -152.8133  
39.2150 13.6022 150.8569  
39.2470 14.3377 -55.8065  
39.2810 14.7890 -19.5213  
39.3150 15.0264 -28.1978  
39.3480 15.0166 -41.1952  
39.3820 14.7870 -29.8489  
39.4140 14.3433 -35.0569  
39.4520 13.3614 -66.5120  
39.4810 12.1801 -69.3351  
39.5150 11.3500 -54.0231  
39.5480 9.8924 -39.2895  
39.5820 8.2987 -92.5649  
39.6150 6.5832 -57.0236  
39.6480 4.7635 -60.5997  
39.6820 2.8662 -62.8418  
39.7150 0.9035 -50.5465  
39.7480 -1.0977 -45.6711  
39.7820 -2.9976 -44.5269  
39.8150 -4.8486 -46.1166  
39.8470 -6.6270 -34.7434  
39.8820 -8.3607 -24.2469  
39.9150 -9.8307 -15.4774  
39.9480 -11.1191 -1.9634  
40.0160 -12.2333 -3.8004  
40.0480 -13.1015 10.1006  
40.0820 -13.7178 25.0174  
40.1140 -14.0987 26.4808  
40.1480 -14.2170 32.7100  
40.1810 -14.0480 40.9544  
40.2140 -13.5997 50.9333  
40.2480 -12.8992 49.1987  
40.2810 -11.9977 45.4503  
40.3140 -10.8406 75.4829  
40.3480 -9.4590 58.4579  
40.3810 -7.9111 60.1690  
40.4150 -6.1625 84.0346  
40.4480 -4.3628 41.1637  
40.4820 -2.4749 58.6549  
40.5140 -0.5200 63.1896  
40.5470 1.4419 53.0428  
40.5820 3.3376 28.8757  
40.6150 5.1946 33.7403  
40.6480 6.9208 35.8234  
40.6820 8.5500 29.9410  
40.7140 10.0488 21.2899  
40.7480 11.6194 105.1515  
40.7810 12.7693 -86.3289  
40.8150 13.7973 22.8153  
40.8480 14.4899 -40.3441  
40.8810 14.9307 -23.2966  
40.9140 15.1850 -25.8685  
40.9480 15.2089 -34.9976  
40.9810 15.0027 -33.9399  
41.0140 14.5929 -30.8188  
41.0480 13.8622 -74.3723  
41.0810 12.5728 -60.9525  
41.1150 11.3679 -58.9422  
41.1480 9.9794 -32.1068  
41.1810 8.4305 -88.9800  
41.2210 6.7588 -49.9179  
41.2490 4.9747 -70.6128  
41.2810 3.0604 -77.8816  
41.3150 1.1080 -44.1453  
41.3480 -0.8934 -45.6505  
41.3810 -2.7932 -45.8517  
41.4150 -4.6439 -44.7325  
41.4480 -6.4132 -36.0331  
41.4810 -8.1535 -23.3599  
41.5150 -9.6684 -20.0217  
41.5470 -11.0088 -7.9060  
41.6160 -12.1515 0.0000  
41.6480 -13.0027 13.2306  
41.6810 -13.6358 20.6123  
41.7150 -14.0165 29.8970  
41.7480 -14.1348 33.7070  
41.7810 -13.9658 40.9296  
41.8140 -13.5267 45.8276  
41.8480 -12.8433 49.1987  
41.8810 -11.9418 45.4503  
41.9150 -10.7659 73.2628  
41.9480 -9.3912 60.2293  
41.9820 -7.8604 58.3993  
42.0150 -6.1118 86.5811  
42.0470 -4.3531 34.9239  
42.0820 -2.5229 52.2158  
42.1150 -0.6277 60.6344  
42.1480 1.3342 66.0332  
42.1820 3.2468 34.6891  
42.2140 5.1108 31.7145  
42.2480 6.8370 32.7047  
42.2820 8.4662 29.9410  
42.3140 9.9821 26.6231  
42.3480 11.3622 44.1242  
42.4150 12.9034 40.7094  
42.4480 13.8390 -128.1138  
42.4820 14.4976 -22.6114  
42.5140 14.8530 -26.6769  
42.5490 14.9715 -33.9977  
42.5810 14.8764 -35.0006  
42.6140 14.5685 -30.8188  
42.6480 13.9059 -74.3723  
42.6810 12.9569 -60.9525  
42.7140 11.6742 -55.6743  
42.7480 9.9949 -36.4178  
42.7810 8.4460 -88.6195  
42.8150 6.7743 -58.7270  
42.8480 4.9880 -60.5802  
42.8820 3.0903 -67.7572  
42.9150 1.1379 -50.5278  
42.9480 -0.8634 -45.6505  
42.9820 -2.7632 -44.5031  
43.0150 -4.6140 -46.0881  
43.0480 -6.3999 -36.0331  
43.0810 -8.1391 -23.3599  
43.1150 -9.6539 -20.0217  
43.1480 -11.1396 -51.6732  
43.2150 -12.4309 -0.8374  
43.2540 -13.2988 49.5309  
43.2810 -13.9318 25.1928  
43.3150 -14.3126 29.8970  
43.3480 -14.4308 33.7070  
43.3820 -14.2619 39.7258  
43.4150 -13.8060 50.9068  
43.4480 -13.1059 50.6677  
43.4810 -12.1878 45.4346  
43.5150 -10.8666 68.3695  
43.5480 -9.3412 60.2293  
43.5810 -7.8103 60.1690  
43.6150 -6.0630 83.6576  
43.6480 -4.3043 34.2539  
43.6810 -2.4741 55.3804  
43.7150 -0.5265 74.2774  
43.7480 1.4355 55.2365  
43.7810 3.3314 30.6430  
43.8150 5.2127 39.8242  
43.8480 6.9637 30.9177  
43.8810 8.6099 28.5038  
43.9150 10.1257 20.0536  
43.9470 11.4285 22.2977  
44.0150 12.6193 0.1571  
44.0490 13.5549 -21.3002  
44.0820 14.1611 -23.2966  
44.1150 14.4997 -25.8685  
44.1480 14.6181 -36.0582  
44.1810 14.4891 -33.9399  
44.2150 14.1564 -29.9124  
44.2480 13.4768 -76.6260  
44.2820 12.5692 -46.9972  
44.3150 11.3652 -68.2055  
44.3480 10.0351 -37.8819  
44.3820 8.5085 -79.0764  
44.4150 6.8535 -62.2488  
44.4480 5.0860 -59.9328  
44.4810 3.1883 -75.5019  
44.5150 1.2693 -39.2187  
44.5480 -0.7153 -50.6895  
44.5820 -2.6319 -54.3936  
44.6150 -4.5071 -35.8458  
44.6480 -6.2684 -33.7012  
44.6820 -7.9894 -24.9231  
44.7150 -9.5096 -20.6123  
44.7480 -11.1760 -106.5653  
44.7830 -12.2419 115.0573  
44.8160 -13.4874 -129.8878  
44.8470 -14.2048 127.2967  
44.8810 -14.7040 14.9987  
44.9150 -14.8997 34.8674  
44.9480 -14.8591 35.7517  
44.9820 -14.5791 37.7236  
45.0150 -14.0631 45.8040  
45.0490 -13.3119 49.1775  
45.0810 -12.0592 46.8544  
45.1150 -10.9767 68.3695  
45.1490 -9.2667 58.4579  
45.1810 -7.7364 67.2196  
45.2150 -5.9650 85.8737  
45.2480 -4.2232 26.9571  
45.2820 -2.4000 58.6464  
45.3150 -0.5049 60.6567  
45.3480 1.4570 66.0649  
45.3820 3.3529 29.7418  
45.4150 5.2102 33.7331  
45.4480 6.9806 44.1152  
45.4810 8.6098 17.4492  
45.5150 10.1091 25.0570  
45.5480 11.3489 9.8506  
45.5810 12.5776 23.5824  
45.6150 13.6447 11.0935  
45.6480 14.3948 -35.3752  
45.6820 14.8475 -23.3618  
45.7150 15.1137 -25.8418  
45.7480 15.1485 -36.4322  
45.7820 14.8916 -42.9558  
45.8150 14.4760 -30.6430  
45.8480 13.7282 -74.8512  
45.8820 12.7467 -59.1598  
45.9150 11.4870 -60.7283  
45.9480 10.0825 -32.4673  
45.9810 8.5022 -88.6195  
46.0140 6.7863 -65.1908  
46.0490 4.9734 -52.0737  
46.0810 3.0481 -72.6792  
46.1150 1.1021 -49.0417  
46.1480 -0.8934 -45.6505  
46.1810 -2.7932 -45.8517  
46.2150 -4.6369 -42.6675  
46.2480 -6.3984 -35.8234  
46.2820 -8.1376 -24.9415  
46.3140 -9.6524 -21.2731  
46.3490 -10.8069 41.4946  
46.4160 -11.9327 -22.9203  
46.4480 -12.8005 7.9292  
46.4820 -13.4166 24.9980  
46.5150 -13.7973 25.6597  
46.5480 -13.9087 35.7752  
46.5810 -13.7408 40.6942  
46.6150 -13.2926 47.6306  
46.6480 -12.5925 50.6677  
46.6820 -11.6910 39.2050  
46.7150 -10.6856 75.4829  
46.7480 -9.3279 60.2293  
46.7810 -7.7971 60.1690  
46.8150 -6.0655 84.0346  
46.8480 -4.3068 33.8656  
46.8810 -2.4834 55.3804  
46.9150 -0.5943 58.8510  
46.9480 1.3509 66.0332  
46.9810 3.2299 30.6257  
47.0150 5.0869 32.7480  
47.0480 6.8131 35.8234  
47.0810 8.4253 25.6973  
47.1150 9.9241 25.0371  
47.1480 11.2981 48.7792  
47.2150 12.7087 22.1248  
47.2480 13.6272 -93.6993  
47.2820 14.3000 -13.4412  
47.3150 14.6383 -35.3072  
47.3480 14.7736 -30.8961  
47.3820 14.6792 -34.8349  
47.4150 14.3317 -40.8347  
47.4480 13.6861 -64.6595  
47.4810 12.7542 -60.9525  
47.5140 11.4610 -60.7283  
47.5490 9.9144 -30.0296  
47.5810 8.3602 -98.9957  
47.6150 6.6577 -57.0634  
47.6480 4.8718 -60.5897  
47.6810 2.9741 -64.7564  
47.7140 1.0282 -50.5278  
47.7490 -0.9337 -43.0419  
47.7820 -2.8672 -56.0718  
47.8140 -4.7180 -36.9888  
47.8480 -6.4872 -34.9733  
47.8810 -8.2284 -23.3599  
47.9150 -9.7039 -15.0103  
47.9480 -11.0628 -23.4471  
47.9810 -12.0254 59.4777  
48.0150 -12.9327 -46.5828  
48.0480 -13.6338 11.9639  
48.0810 -14.0992 25.7556  
48.1150 -14.2949 24.9050  
48.1480 -14.2611 33.7070  
48.1820 -13.9732 39.7258  
48.2150 -13.4403 50.9068  
48.2480 -12.6891 50.6677  
48.2820 -11.7273 39.2050  
48.3150 -10.7126 75.4829  
48.3490 -9.3408 58.4579  
48.3830 -7.8099 58.3993  
48.4150 -6.0796 88.8862  
48.4480 -4.3375 29.2268  
48.4810 -2.5074 60.4076  
48.5150 -0.6288 53.9365  
48.5480 1.2995 66.0021  
48.5810 3.1785 35.7202  
48.6150 5.0355 32.7480  
48.6480 6.7617 35.8234  
48.6810 8.3914 31.0053  
48.7150 9.8732 14.8698  
48.7480 11.3203 75.7135  
48.7810 12.2007 -142.5306  
48.8140 13.2119 100.0691  
48.8480 13.9300 -32.2740  
48.8820 14.3869 -12.7702  
48.9150 14.6072 -35.9895  
48.9480 14.6142 -30.8748  
48.9820 14.3846 -34.8130  
49.0150 13.9575 -28.8800  
49.0480 13.2270 -76.5895  
49.0810 12.0456 -60.9309  
49.1140 11.1341 -60.7131  
49.1490 9.7570 -38.7113  
49.1810 8.2198 -84.3178  
49.2150 6.5321 -57.0365  
49.2490 4.7632 -58.8077  
49.2800 2.8825 -68.9343  
49.3140 0.9367 -53.9562  
49.3480 -1.0478 -39.3933  
49.3810 -2.9476 -50.9603  
49.4150 -4.7816 -39.7742  
49.4480 -6.5172 -30.8748  
49.4820 -8.2114 -27.6795  
49.5150 -9.6867 -15.4652  
49.5480 -10.9680 0.0557  
49.6160 -12.0749 -3.7584  
49.6480 -12.9257 13.2496  
49.6810 -13.5251 20.5965  
49.7150 -13.9059 24.9050  
49.7490 -14.0072 32.7156  
49.7820 -13.8214 46.0324  
49.8150 -13.3826 45.8040  
49.8480 -12.6825 50.6677  
49.8820 -11.7814 44.0983  
49.9150 -10.6480 70.4413  
49.9480 -9.2903 60.2293  
49.9820 -7.7765 58.3993  
50.0150 -6.0449 86.5811  
50.0520 -4.3028 25.7207  
50.0820 -2.4726 66.4483  
50.1150 -0.5942 60.6344  
50.1490 1.3341 59.1464  
50.1810 3.2131 36.8364  
50.2150 5.0535 32.7480  
50.2490 6.7797 34.7697  
50.2820 8.3919 25.6973  
50.3140 9.8737 21.2731  
50.3490 11.3492 79.8777  
50.3820 12.4927 -71.7925  
50.4150 13.4757 11.7655  
50.4490 14.1771 -23.9656  
50.4820 14.6347 -12.9576  
50.5140 14.8720 -32.0004  
50.5490 14.8790 -33.9741  
50.5820 14.6727 -28.8029  
50.6150 14.2631 -35.9451  
50.6490 13.5494 -69.3968  
50.6820 12.3550 -60.9525  
50.7140 11.1971 -62.6261  
50.7490 9.8944 -30.2721  
50.7810 8.3796 -91.7607  
50.8150 6.7079 -58.7270  
50.8480 4.9386 -60.5802  
50.8820 3.0579 -67.7572  
50.9160 1.1055 -49.0417  
50.9480 -0.8789 -47.0771  
50.9820 -2.7787 -44.5031  
51.0150 -4.6295 -46.0881  
51.0480 -6.3817 -30.8748  
51.0820 -8.1051 -22.6837  
51.1150 -9.6029 -20.6123  
51.1480 -10.9263 -7.6889  
51.2150 -12.0499 0.0000  
51.2490 -12.9007 12.4702  
51.2820 -13.5168 20.5965  
51.3150 -13.9051 23.3826  
51.3480 -14.0233 35.9841  
51.3820 -13.8375 44.6785  
51.4160 -13.3987 44.4568  
51.4480 -12.7156 52.2511  
51.4820 -11.8145 44.0983  
51.5150 -10.6555 70.4413  
51.5490 -9.2978 58.4579  
51.5820 -7.7840 60.1690  
51.6160 -6.0524 84.0346  
51.6480 -4.3028 29.7396  
51.6820 -2.4726 58.6309  
51.7150 -0.5942 60.6344  
51.7480 1.3509 66.0332  
51.7810 3.2299 30.6257  
51.8150 5.0774 34.8130  
51.8480 6.8113 36.0331  
51.8820 8.4363 26.4602  
51.9150 9.9351 21.8936  
51.9480 11.2763 38.8326  
52.0160 12.6928 25.0635  
52.0480 13.5943 -98.6349  
52.0820 14.2530 -12.5765  
52.1150 14.6083 -25.8685  
52.1490 14.7437 -34.9976  
52.1820 14.6486 -33.9399  
52.2150 14.3160 -35.9451  
52.2490 13.6575 -69.3968  
52.2820 12.7257 -60.9525  
52.3150 11.4652 -60.7283  
52.3490 9.9272 -31.5124  
52.3820 8.4124 -88.6195  
52.4150 6.7407 -60.5066  
52.4490 4.9544 -58.7985  
52.4820 3.0532 -70.8694  
52.5150 1.1175 -44.4075  
52.5490 -0.8669 -49.2203  
52.5820 -2.7667 -45.8517  
52.6150 -4.6005 -40.9544  
52.6480 -6.3527 -36.0084  
52.6820 -8.0749 -22.6837  
52.7150 -9.5727 -20.6123  
52.7480 -10.7544 35.2845  
52.7820 -11.8010 -19.0815  
52.8150 -12.9330 -96.7286  
52.8480 -13.6337 86.2630  
52.8820 -14.0822 24.9789  
52.9150 -14.2948 25.6414  
52.9480 -14.2609 33.7130  
52.9820 -13.9733 39.7022  
53.0150 -13.4406 50.8808  
53.0480 -12.6727 50.6464  
53.0820 -11.8714 44.0834  
53.1150 -10.7729 70.4244  
53.1480 -9.1563 60.2215  
53.1820 -7.6260 58.3976  
53.2150 -5.8885 88.4760  
53.2480 -4.1467 26.9571  
53.2820 -2.3168 58.6464  
53.3150 -0.3815 72.8303  
53.3490 1.5637 52.3062  
53.3820 3.4429 30.6430  
53.4150 5.2906 35.8905  
53.4490 7.0250 34.9976  
53.4820 8.6376 23.3488  
53.5150 10.1199 20.6447  
53.5490 11.2895 -6.0747  
53.5820 12.2892 -24.5126  
53.6150 13.3550 80.4210  
53.6480 14.0166 -49.6497  
53.6820 14.4576 -12.5587  
53.7150 14.6950 -31.0542  
53.7490 14.7120 -30.0084  
53.7820 14.4914 -35.9134  
53.8180 14.0648 -35.8528  
53.8490 13.3340 -76.1126  
53.8820 12.4395 -55.8828  
53.9150 11.4255 -60.7441  
53.9490 10.0222 -36.4178  
53.9820 8.5127 -81.8332  
54.0150 6.8239 -67.2928  
54.0490 5.0398 -58.1517  
54.0820 3.1085 -75.5216  
54.1150 1.1624 -40.4217  
54.1480 -0.8221 -50.7118  
54.1820 -2.7219 -44.5031  
54.2150 -4.5486 -33.7558  
54.2480 -6.3204 -44.0838  
54.2820 -8.0508 -24.2438  
54.3150 -9.5710 -18.1282  
54.3490 -11.1209 -74.0596  
54.3820 -12.3037 51.3381  
54.4160 -13.3896 -44.8140  
54.4490 -14.0904 76.2968  
54.4820 -14.5779 13.8961  
54.5150 -14.7905 37.4812  
54.5490 -14.7737 34.7001  
54.5820 -14.4831 38.8667  
54.6150 -13.9422 50.8808  
54.6490 -13.1910 44.2501  
54.6820 -12.0381 45.4346  
54.7150 -10.8222 70.4413  
54.7480 -9.2551 60.2293  
54.7820 -7.7413 58.3993  
54.8150 -5.9876 86.5811  
54.8490 -4.2624 27.9902  
54.8820 -2.4558 60.4076  
54.9150 -0.5942 55.5710  
54.9490 1.3342 69.0055  
54.9820 3.2132 30.6257  
55.0140 5.0607 36.9888  
55.0490 6.7868 31.7703  
55.0820 8.3990 25.6973  
55.1150 9.8808 20.6284  
55.1490 11.3251 73.0350  
55.1820 12.6453 -8.7719  
55.2150 13.4370 -99.7577  
55.2490 14.1551 32.3025  
55.2820 14.5705 -20.6284  
55.3150 14.7908 -28.5182  
55.3380 14.7908 -44.2986  
55.3820 14.5781 -23.0651  
55.4150 14.1627 -35.7402  
55.4490 13.4322 -72.6426  
55.4820 12.2691 -55.8627  
55.5150 10.9344 -60.7283  
55.5520 9.7994 -35.0420  
55.5820 8.2846 -89.9771  
55.6150 6.6381 -60.5066  
55.6490 4.8881 -58.1517  
55.6820 2.9908 -75.5216  
55.7150 1.0448 -45.4831  
55.7480 -0.9339 -45.6505  
55.7820 -2.8169 -44.5031  
55.8150 -4.6507 -40.9544  
55.8480 -6.4029 -36.0084  
55.8810 -8.1026 -23.3711  
55.9150 -9.6307 -28.9290  
55.9480 -10.9603 -0.3328  
56.0150 -12.0860 0.9049  
56.0490 -12.9502 3.6473  
56.0820 -13.5663 29.6867  
56.1150 -13.9301 30.7808  
56.1490 -14.0415 29.7526  
56.1820 -13.8727 43.9642  
56.2150 -13.4339 45.8040  
56.2490 -12.7507 49.1775  
56.2820 -11.8193 45.4346  
56.3150 -10.6543 70.4413  
56.3490 -9.2966 58.4579  
56.3820 -7.7465 62.0527  
56.4190 -6.0127 76.1376  
56.4480 -4.2818 34.0398  
56.4820 -2.4584 56.9378  
56.5150 -0.5967 55.5710  
56.5480 1.3316 66.0021  
56.5820 3.2106 34.6696  
56.6150 5.0510 33.7403  
56.6480 6.8024 43.4522  
56.6820 8.4387 24.6331  
56.7150 9.9142 13.3173  
56.7490 11.2922 54.1809  
56.8150 12.8166 37.1350  
56.8490 13.7557 -115.2152  
56.8820 14.4535 -17.5422  
56.9150 14.7916 -42.9906  
56.9480 14.8931 -36.0084  
56.9720 14.7986 -35.2271  
57.0150 14.4316 -30.0209  
57.0490 13.7451 -69.3641  
57.0810 12.8303 -57.6084  
57.1150 11.5308 -58.9422  
57.1490 9.8566 -38.1339  
57.1820 8.3042 -81.7973  
57.2150 6.5934 -65.5511  
57.2480 4.8412 -55.5357  
57.2820 2.9739 -68.7850  
57.3150 1.0447 -44.4075  
57.3490 -0.9229 -49.2203  
57.3820 -2.8227 -50.9603  
57.4150 -4.6565 -35.8458  
57.4490 -6.4087 -34.9494  
57.4820 -8.1166 -25.8298  
57.5160 -9.6314 -22.6310  
57.5480 -10.8956 10.7180  
57.5820 -11.9164 17.6840  
57.6160 -12.8092 -31.1436  
57.6480 -13.5270 8.9075  
57.6820 -14.0094 20.0061  
57.7150 -14.2295 28.5258  
57.7480 -14.2126 35.9841  
57.7820 -13.9418 39.7258  
57.8150 -13.4177 50.9068  
57.8490 -12.6662 44.2689  
57.8820 -11.7990 45.4503  
57.9150 -10.7594 70.4588  
57.9520 -9.4151 53.7254  
57.9820 -7.9008 66.1884  
58.0150 -6.1762 84.3271  
58.0480 -4.4432 31.0798  
58.0820 -2.6463 53.7240  
58.1150 -0.7845 60.5913  
58.1480 1.1439 71.0634  
58.1820 3.0396 34.6696  
58.2150 4.8867 30.7343  
58.2490 6.6125 32.7100  
58.2810 8.2243 26.4808  
58.3160 9.7055 19.4345  
58.3520 11.2041 82.1207  
58.3820 12.1365 -154.5382  
58.4160 13.2708 113.0856  
58.4480 13.9886 -67.6597  
58.4820 14.4291 -12.5662  
58.5150 14.6324 -36.1911  
58.5480 14.6154 -35.9841  
58.5820 14.3922 -27.9759  
58.6160 13.9826 -29.8784  
58.6490 13.2523 -76.5538  
58.6810 12.0422 -57.5882  
58.7160 11.0953 -57.2438  
58.7480 9.6284 -42.3404  
58.7820 8.1082 -79.3848  
58.8160 6.4368 -57.0096  
58.8480 4.7016 -57.2712  
58.8820 2.8547 -67.7572  
58.9150 0.9530 -45.4665  
58.9490 -0.9978 -44.2882  
58.9820 -2.8640 -50.9333  
59.0160 -4.6641 -34.7703  
59.0510 -6.3827 -33.9279  
59.0810 -8.0429 -25.7208  
59.1160 -9.5012 -19.4195  
59.1490 -10.7408 7.5282  
59.2150 -11.8474 -7.6199  
59.2480 -12.6812 12.8666  
59.2820 -13.2970 19.9755  
59.3150 -13.6607 30.7589  
59.3490 -13.7451 32.7277  
59.3820 -13.5932 35.7814  
59.4150 -13.1547 50.8808  
59.4490 -12.4718 49.1568  
59.4820 -11.5877 40.3792  
59.5150 -10.4960 70.4413  
59.5520 -9.1553 53.7180  
59.5820 -7.6585 66.1859  
59.6150 -5.9438 86.5811  
59.6500 -4.2355 27.1905  
59.6820 -2.4392 62.2953  
59.7150 -0.5775 55.5710  
59.7490 1.3341 64.0609  
59.7820 3.1964 35.7202  
59.8160 5.0269 29.8303  
59.8480 6.7192 29.4696  
59.8810 8.3315 35.9501  
59.9150 9.7962 15.0103  
59.9490 11.2563 82.6851  
59.9820 12.3372 -86.0508  
60.0160 13.4227 59.9511  
60.0490 14.1408 -55.7445  
60.0820 14.5813 -18.1392  
60.1150 14.8015 -31.0074  
60.1490 14.8015 -34.9494  
60.1820 14.6121 -28.8131  
60.2150 14.1855 -35.9247  
60.2520 13.4721 -63.7399  
60.2820 12.2932 -61.4489  
60.3150 11.1978 -60.7283  
60.3490 9.7712 -37.4880  
60.3820 8.2564 -82.4629  
60.4150 6.6017 -60.5066  
60.4480 4.8495 -60.5802  
60.4820 3.0024 -62.8624  
60.5150 1.0836 -50.5096  
60.5490 -0.8671 -44.2882  
60.5820 -2.7501 -50.9333  
60.6150 -4.5670 -35.8240  
60.6490 -6.3022 -34.9258  
60.6820 -8.0178 -32.6860  
60.7150 -9.4986 -11.2930  
60.7490 -10.8635 -24.6700  
60.8150 -11.9702 8.8531  
60.8490 -12.8206 12.4881  
60.8820 -13.4364 20.5808  
60.9150 -13.8075 28.5417  
60.9490 -13.8919 34.8796  
60.9820 -13.7231 40.8814  
61.0150 -13.2846 45.7808  
61.0480 -12.5710 50.6464  
61.0820 -11.6869 39.1915  
61.1150 -10.4865 70.4413  
61.1490 -9.1458 58.4579  
61.1820 -7.6428 62.0300  
61.2160 -5.9282 82.2283  
61.2480 -4.2126 29.7396  
61.2820 -2.4328 53.7376  
61.3150 -0.5880 60.6126  
61.3490 1.3236 64.0609  
61.3700 3.1859 56.1317  
61.4150 5.0164 22.5385  
61.4490 6.7087 27.7361  
61.4820 8.3210 35.9501  
61.5150 9.7795 15.4652  
61.5480 11.1121 46.5610  
61.6200 12.3989 6.8491  
61.6480 13.3171 -66.4022  
61.6820 13.9582 -22.6310  
61.7150 14.2964 -25.8298  
61.7480 14.3978 -36.0084  
61.7820 14.3027 -27.9657  
61.8150 14.0242 -27.0010  
61.8490 13.3618 -78.0253  
61.8820 12.4640 -55.8627  
61.9150 11.2122 -60.7283  
61.9490 9.7835 -37.4880  
61.9820 8.2687 -82.4629  
62.0180 6.6312 -55.4644  
62.0490 4.8789 -64.4886  
62.0820 3.0318 -64.7673  
62.1150 1.1131 -50.5096  
62.1490 -0.8671 -44.2882  
62.1810 -2.7333 -47.2598  
62.2160 -4.5501 -38.5908  
62.2490 -6.2853 -35.9841  
62.2820 -7.9703 -23.3826  
62.3160 -9.4510 -19.9907  
62.3490 -10.8771 -43.9278  
62.4160 -12.1303 -4.0458  
62.4490 -12.9807 57.2970  
62.4820 -13.5796 25.7164  
62.5160 -13.9434 24.8696  
62.5490 -14.0446 33.7194  
62.5820 -13.8759 40.8814  
62.6160 -13.4373 44.4343  
62.6490 -12.7544 50.6464  
62.6820 -11.8537 45.4192  
62.7160 -10.5757 68.3531  
62.7490 -9.0883 55.2061  
62.7820 -7.5872 61.4559  
62.8150 -5.8895 85.2942  
62.8490 -4.1812 27.9902  
62.8820 -2.3849 60.4076  
62.9150 -0.5400 55.5710  
62.9480 1.3715 66.0021  
62.9820 3.2339 34.6696  
63.0150 5.0647 35.8680  
63.0490 6.7820 34.9733  
63.0690 8.3942 38.5438  
63.1160 9.8546 10.8586  
63.1490 11.1773 43.5280  
63.2160 12.4716 9.9826  
63.2490 13.3731 -58.6324  
63.2820 14.0143 -23.3168  
63.3190 14.3524 -23.0374  
63.3490 14.4538 -39.6093  
63.3820 14.3418 -28.8131  
63.4160 13.9923 -34.8681  
63.4490 13.3299 -71.4660  
63.4830 12.4321 -54.2197  
63.5150 11.1903 -62.6261  
63.5490 9.7756 -31.1625  
63.5820 8.2608 -88.9800  
63.6160 6.6232 -58.7270  
63.6490 4.8710 -60.5802  
63.6820 3.0037 -70.8694  
63.7150 1.0850 -44.4075  
63.7490 -0.8825 -49.2203  
63.7820 -2.7655 -45.8517  
63.8150 -4.5824 -35.8240  
63.8480 -6.3176 -35.9841  
63.8820 -8.0240 -22.6949  
63.9160 -9.4878 -14.9872  
63.9490 -10.6372 34.7439  
64.0160 -11.9490 -54.0752  
64.0540 -12.7793 65.1708  
64.0810 -13.3782 31.4312  
64.1160 -13.7251 24.1591  
64.1490 -13.8095 33.7194  
64.1820 -13.6408 40.8814  
64.2150 -13.2022 45.7808  
64.2480 -12.5194 50.6464  
64.2830 -11.6357 42.8238  
64.3150 -10.6342 72.6252  
64.3490 -9.0883 53.5824  
64.3820 -7.5915 60.1690  
64.4160 -5.8938 84.0346  
64.4480 -4.1855 29.7396  
64.4830 -2.3891 56.9557  
64.5150 -0.5074 68.8379  
64.5490 1.3874 48.2668  
64.5820 3.2497 40.8120  
64.6150 5.0636 30.7343  
64.6490 6.7468 29.9463  
64.6820 8.3421 28.5258  
64.7150 9.8068 20.6123  
64.7490 10.8992 -25.4670  
64.8160 12.4068 76.1793  
64.8490 13.3169 -120.6534  
64.8850 13.9212 -23.7680  
64.9150 14.2761 -28.4128  
64.9490 14.3845 -32.9126  
64.9700 14.2894 -48.5754  
65.0160 13.9739 -25.7721  
