Tempo Angle omega x y
s degrees degrees/s  
0.0010 20.1163 -19.2751  
0.0330 21.2001 -18.7977  
0.0650 21.7217 -73.0740  
0.1000 21.6016 -89.2618  
0.1320 20.8469 -108.3693  
0.1650 19.5151 -120.9140  
0.1980 17.7181 -126.8201  
0.2310 15.4925 -126.8538  
0.2650 12.9654 -133.2485  
0.2980 9.8222 -131.9096  
0.3310 6.3249 -127.1490  
0.3650 2.5814 -90.1162  
0.3980 -1.2332 -92.3991  
0.4310 -4.9924 -77.8733  
0.4650 -8.6185 -62.8691  
0.4980 -11.9935 -44.8351  
0.5320 -14.4511 146.7721  
0.5650 -16.8344 -104.3675  
0.5970 -18.8910 -39.4726  
0.6320 -20.3094 57.9595  
0.6640 -21.0761 72.5441  
0.6980 -21.2439 86.0554  
0.7310 -20.7972 93.7822  
0.7640 -19.7348 108.7169  
0.7980 -18.0232 128.0487  
0.8320 -15.7465 122.7015  
0.8640 -13.5334 136.0925  
0.8980 -10.5409 127.9070  
0.9320 -6.9824 129.3458  
0.9650 -3.3018 98.4525  
0.9980 0.4758 99.7471  
1.0320 4.2555 86.6692  
1.0650 7.9045 54.1922  
1.0980 11.2360 12.4765  
1.1310 14.1404 2.5470  
1.1640 16.4213 -62.5660  
1.1980 18.5143 72.8393  
1.2320 20.0826 -26.4150  
1.2640 21.1628 -15.0760  
1.2980 21.6663 -74.1016  
1.3320 21.5516 -85.0001  
1.3650 20.7723 -112.0637  
1.3980 19.4330 -115.5441  
1.4320 17.6340 -123.0901  
1.4650 15.3905 -132.1316  
1.5010 12.9004 -125.8556  
1.5310 9.7473 -138.4640  
1.5640 6.2871 -120.2668  
1.5980 2.5485 -96.0991  
1.6310 -1.2362 -90.2816  
1.6640 -5.0118 -84.8372  
1.6980 -8.6125 -57.3190  
1.7310 -11.9313 -30.0962  
1.7990 -14.8172 2.0952  
1.8310 -17.2912 -7.5058  
1.8650 -19.1201 56.4586  
1.8970 -20.2781 79.8691  
1.9310 -20.7665 80.1814  
1.9650 -20.6252 89.1180  
1.9980 -19.8427 104.0200  
2.0320 -18.3320 131.8569  
2.0650 -16.1935 131.1514  
2.0980 -13.5377 126.6890  
2.1190 -10.4437 215.4182  
2.1640 -6.9034 93.8403  
2.1980 -3.2302 95.5569  
2.2320 0.5345 102.1006  
2.2640 4.3034 86.4682  
2.2980 7.9846 63.3411  
2.3320 11.3927 20.6349  
2.3640 14.3282 -7.6015  
2.3970 16.6171 -64.7588  
2.4310 18.7322 71.8294  
2.4660 20.3131 -23.3714  
2.4980 21.3676 -32.5488  
2.5310 21.8635 -70.8114  
2.5650 21.7234 -84.9840  
2.5980 20.9368 -112.0320  
2.6310 19.5360 -120.8567  
2.6640 17.6642 -121.4786  
2.6980 15.3806 -128.2935  
2.7310 12.8763 -131.6111  
2.7640 9.6788 -136.0430  
2.7980 6.1850 -111.2407  
2.8310 2.4695 -98.6965  
2.8640 -1.2913 -84.5944  
2.9000 -5.0421 -77.4461  
2.9310 -8.6533 -74.2437  
2.9650 -11.9944 -37.8557  
2.9980 -14.5518 116.0086  
3.0320 -17.0329 -105.8706  
3.0650 -19.0646 4.5949  
3.0980 -20.4380 63.4202  
3.1320 -21.2029 67.7290  
3.1640 -21.3695 85.2145  
3.1980 -20.9538 89.1292  
3.2350 -19.9018 96.6509  
3.2640 -18.1855 149.6749  
3.2980 -15.8903 132.4155  
3.3310 -13.5773 121.4083  
3.3650 -10.4498 133.6817  
3.3980 -6.9139 128.3380  
3.4310 -3.2660 97.3870  
3.4650 0.4987 102.0754  
3.4980 4.2674 83.8233  
3.5320 7.9225 55.7352  
3.5650 11.2478 8.4197  
3.5980 14.1669 8.4400  
3.6350 16.4608 -47.2819  
3.6640 18.5740 75.8442  
3.6970 20.1359 -29.3344  
3.7310 21.1943 -23.5377  
3.7640 21.6732 -78.1876  
3.7970 21.4995 -92.6217  
3.8320 20.7028 -98.9603  
3.8640 19.3179 -124.5933  
3.8970 17.5044 -121.4497  
3.9310 15.2271 -128.2188  
3.9650 12.6891 -128.1413  
3.9980 9.4807 -136.4792  
4.0310 5.9896 -115.0124  
4.0670 2.2565 -89.4504  
4.0980 -1.4859 -86.2438  
4.1310 -5.2136 -88.1519  
4.1650 -8.7786 -54.0450  
4.1980 -12.0923 -44.6342  
4.2650 -14.9651 5.9791  
4.2980 -17.3775 7.4129  
4.3320 -19.1778 51.8753  
4.3650 -20.2831 74.1530  
4.3980 -20.7395 81.6033  
4.4310 -20.5577 95.8298  
4.4540 -19.7436 158.6702  
4.4980 -18.2115 97.0614  
4.5310 -16.0703 128.8814  
4.5640 -13.3556 129.1673  
4.5980 -10.2724 120.1580  
4.6310 -6.8041 124.1140  
4.6650 -3.1912 94.4162  
4.6980 0.5105 101.0413  
4.7310 4.2119 81.5321  
4.7650 7.8063 61.5309  
4.7980 11.0710 10.6765  
4.8320 13.9266 5.2947  
4.8650 16.4777 36.5977  
4.8980 18.4730 -39.2418  
4.9310 20.0966 11.1524  
4.9650 21.1373 -50.9893  
4.9990 21.6289 -67.0652  
5.0310 21.4648 -100.7083  
5.0650 20.6759 -104.6505  
5.0980 19.3025 -113.7197  
5.1310 17.4872 -123.2092  
5.1640 15.2273 -129.2970  
5.1980 12.4214 -125.0430  
5.2310 9.3228 -127.9668  
5.2650 5.8242 -106.8016  
5.2980 2.1717 -99.1783  
5.3320 -1.5120 -76.2576  
5.3640 -5.1049 -72.3245  
5.3990 -8.5386 -56.1484  
5.4310 -11.6247 -8.6787  
5.4650 -14.1387 48.6770  
5.4980 -16.3394 -34.3421  
5.5310 -18.1847 -21.1397  
5.5640 -19.4641 43.5182  
5.5990 -20.1256 72.8048  
5.6340 -20.2155 69.7912  
5.6650 -19.7636 91.1286  
5.6980 -18.7092 112.4573  
5.7310 -17.0173 133.6094  
5.7640 -14.8905 123.3932  
5.7980 -12.5191 120.6185  
5.8310 -9.6334 121.4968  
5.8650 -6.2759 118.2321  
5.8980 -2.7301 100.5915  
5.9310 0.8763 95.5981  
5.9650 4.5032 77.8460  
5.9980 8.0531 62.2999  
6.0310 11.2281 -1.1629  
6.0650 13.9754 3.8951  
6.0990 16.3496 10.0232  
6.1310 18.2575 -17.5847  
6.1660 19.7647 0.0993  
6.1990 20.7746 -28.9105  
6.2320 21.2110 -73.1542  
6.2650 21.0497 -85.5656  
6.2990 20.2735 -102.9978  
6.3320 18.9053 -117.0776  
6.3650 17.1576 -116.1578  
6.3980 14.9766 -127.3270  
6.4320 12.3263 -127.9861  
6.4660 9.3380 -115.9502  
6.5010 5.9814 -105.1382  
6.5310 2.4166 -101.2152  
6.5650 -1.1640 -75.6335  
6.5970 -4.7195 -80.4117  
6.6320 -8.1147 -54.2415  
6.6650 -11.2449 -36.7838  
6.6980 -13.4748 156.6722  
6.7320 -15.7647 -141.2417  
6.7650 -17.6031 4.9742  
6.7980 -18.8569 57.6586  
6.8310 -19.5313 64.0825  
6.8650 -19.6099 85.9398  
6.8990 -19.1538 81.6068  
6.9310 -18.0727 114.9315  
6.9640 -16.4291 112.8784  
6.9980 -14.2519 121.2770  
7.0310 -12.1948 120.2590  
7.0650 -9.2281 126.2954  
7.0980 -5.8972 115.3536  
7.1310 -2.4454 94.2832  
7.1640 1.1009 92.7098  
7.1980 4.6153 76.5627  
7.2310 8.0543 61.2423  
7.2640 11.1460 6.1737  
7.2990 13.8737 2.4545  
7.3320 16.2486 18.0517  
7.3640 18.1629 -19.9404  
7.3980 19.6034 -13.0667  
7.4310 20.5597 -31.3475  
7.4650 20.9847 -64.7733  
7.4980 20.8260 -84.1789  
7.5310 20.0622 -104.4507  
7.5640 18.7159 -115.2872  
7.5980 16.9716 -111.0514  
7.6310 14.8050 -125.3848  
7.6650 12.1654 -121.6054  
7.6990 9.1766 -121.4599  
7.7320 5.8681 -110.3472  
7.7640 2.3609 -94.4222  
7.7990 -1.2018 -78.7737  
7.8310 -4.7289 -75.6804  
7.8640 -8.1125 -60.9584  
7.8980 -11.2375 -35.8483  
7.9650 -13.8318 22.8419  
7.9990 -16.1046 -27.1130  
8.0340 -17.7907 49.5116  
8.0640 -18.8167 82.3528  
8.0980 -19.2315 72.6728  
8.1320 -19.0519 85.9492  
8.1650 -18.2376 108.7875  
8.1970 -16.7866 123.2981  
8.2320 -14.7236 117.3740  
8.2650 -12.1418 120.2590  
8.2980 -9.2837 130.1225  
8.3320 -5.9325 117.9218  
8.3650 -2.4469 93.2495  
8.3970 1.0864 92.0769  
8.4320 4.6338 74.6442  
8.4520 8.0918 101.4465  
8.4990 11.1854 -1.1732  
8.5310 13.8858 0.4240  
8.5650 16.2795 30.6427  
8.5990 18.1825 -27.6250  
8.6320 19.5849 -21.5540  
8.6650 20.5210 -19.8236  
8.6980 20.9350 -64.9275  
8.7320 20.7418 -91.9645  
8.7650 19.9716 -95.6868  
8.7980 18.6039 -119.5412  
8.8310 16.8631 -114.7664  
8.8680 14.7223 -107.7236  
8.8980 12.0639 -137.8194  
8.9310 9.0911 -123.7152  
8.9650 5.8311 -105.3937  
8.9980 2.3330 -92.0000  
9.0310 -1.2415 -88.0495  
9.0650 -4.7333 -67.6532  
9.0980 -8.1097 -60.7203  
9.1310 -11.2130 -36.7838  
9.1980 -13.9008 5.4920  
9.2310 -16.1565 10.1482  
9.2650 -17.8256 50.9408  
9.2970 -18.8563 71.8986  
9.3310 -19.2481 82.5383  
9.3650 -19.0775 76.0837  
9.3990 -18.2740 100.7102  
9.4320 -16.8144 129.1350  
9.4640 -14.7585 123.6880  
9.4980 -12.1844 116.7219  
9.5320 -9.2177 126.2954  
9.5650 -5.8871 120.4298  
9.5980 -2.4230 92.9376  
9.6310 1.1047 88.9792  
9.6650 4.6121 76.5627  
9.6980 8.0628 61.2423  
9.7320 11.1794 2.4221  
9.7650 13.8925 6.8400  
9.7980 16.2712 18.6336  
9.8320 18.1849 -20.0412  
9.8650 19.5982 -21.5056  
9.8980 20.5378 -23.1326  
9.9310 20.9334 -71.9041  
9.9650 20.7409 -86.6282  
9.9980 19.9436 -104.3620  
10.0310 18.5833 -109.3875  
10.0650 16.8180 -116.6767  
10.0980 14.6329 -120.3839  
10.1320 11.9741 -121.2448  
10.1650 8.9905 -119.0379  
10.1980 5.6781 -121.1865  
10.2320 2.1573 -83.7216  
10.2650 -1.3912 -80.2909  
10.2990 -4.8549 -61.6939  
10.3310 -8.1638 -59.2637  
10.3650 -11.2161 -30.6837  
10.4350 -13.8527 2.7085  
10.4650 -16.0505 13.8637  
10.4980 -17.6805 47.1111  
10.5310 -18.6720 74.4781  
10.5650 -19.0160 72.8218  
10.5980 -18.8337 73.1882  
10.6320 -18.0143 109.4749  
10.6650 -16.5509 131.5990  
10.6980 -14.5111 117.1926  
10.7310 -11.9768 118.2401  
10.7650 -9.0553 119.4315  
10.7980 -5.7882 117.3685  
10.8170 -2.3671 162.8241  
10.8650 1.1367 68.4328  
10.8990 4.6103 63.9742  
10.9320 8.0345 58.1687  
10.9640 11.0520 -10.7522  
10.9990 13.6700 9.9388  
11.0320 16.0339 40.1975  
11.0640 17.8622 -45.4511  
11.0980 19.2228 -18.1038  
11.1320 20.1325 -18.7322  
11.1690 20.4999 -62.9364  
11.1980 20.2663 -93.9918  
11.2310 19.4767 -102.5634  
11.2660 18.1238 -106.0827  
11.2980 16.4316 -116.8071  
11.3310 14.2977 -123.3075  
11.3650 11.6243 -119.6420  
11.3980 8.7228 -113.2079  
11.4320 5.4954 -113.9595  
11.4650 2.0477 -86.0712  
11.4980 -1.4162 -75.4598  
11.5310 -4.8612 -76.8477  
11.5650 -8.0047 -10.9036  
11.5980 -11.0223 -74.3470  
11.6650 -13.5876 11.7112  
11.6980 -15.7388 2.1903  
11.7320 -17.3135 49.9440  
11.7650 -18.2615 76.6520  
11.7980 -18.5739 75.2205  
11.8310 -18.3355 80.8295  
11.8640 -17.4805 111.4093  
11.8980 -16.0143 105.1541  
11.9340 -14.1041 113.0564  
11.9650 -11.5580 125.9467  
11.9990 -8.7007 114.6413  
12.0310 -5.4598 122.1163  
12.0650 -2.0828 89.9735  
12.0980 1.3307 87.7169  
12.1310 4.7525 77.7346  
12.1650 8.0729 48.6264  
12.1980 11.0348 2.7784  
12.2310 13.6642 7.5603  
12.2650 16.0900 59.8485  
12.2980 17.9294 -59.3873  
12.3310 19.3107 -20.7083  
12.3640 20.2151 -26.0995  
12.3980 20.5807 -68.4871  
12.4320 20.3677 -85.0426  
12.4650 19.5763 -97.5339  
12.4990 18.2483 -109.2000  
12.5320 16.5374 -113.2653  
12.5650 14.3945 -123.3285  
12.5990 11.6589 -114.5010  
12.6320 8.7329 -117.0803  
12.6650 5.4937 -115.5895  
12.6980 2.0550 -86.5686  
12.7320 -1.4145 -77.5512  
12.7650 -4.8137 -66.3160  
12.7990 -8.0766 -54.5710  
12.8320 -11.0775 -33.1316  
12.8990 -13.7214 -2.4909  
12.9310 -15.8655 28.9908  
12.9640 -17.4511 51.2618  
12.9990 -18.4256 64.2192  
13.0320 -18.7604 78.2530  
13.0640 -18.5638 76.8123  
13.0990 -17.7496 101.1074  
13.1310 -16.3111 126.6990  
13.1650 -14.2977 114.5101  
13.2010 -11.7684 112.9703  
13.2310 -8.8325 129.9249  
13.2650 -5.5987 114.9288  
13.2980 -2.2326 91.3451  
13.3310 1.2139 92.4574  
13.3650 4.6514 73.3234  
13.3980 8.0311 56.9598  
13.4310 11.0558 -0.3540  
13.4660 13.7235 13.8818  
13.4980 16.1558 48.0616  
13.5310 17.9767 -62.0096  
13.5640 19.4210 3.9594  
13.5980 20.3103 -48.2617  
13.6310 20.6822 -65.4745  
13.6650 20.4386 -91.2918  
13.6980 19.6450 -91.0953  
13.7310 18.2734 -118.2026  
13.7650 16.5317 -109.2034  
13.7980 14.3346 -123.3001  
13.8320 11.5942 -114.5111  
13.8650 8.6884 -112.1575  
13.8990 5.3917 -111.1292  
13.9310 1.9608 -93.2096  
13.9640 -1.4759 -67.2352  
13.9980 -4.8435 -70.9799  
14.0320 -8.0800 -49.8585  
14.0650 -11.0361 -33.2171  
14.1320 -13.5938 4.0531  
14.1640 -15.6884 17.5368  
14.1990 -17.2578 38.8318  
14.2310 -18.2323 70.2397  
14.2660 -18.5732 73.0922  
14.2980 -18.3540 81.7939  
14.3310 -17.5430 112.1124  
14.3680 -16.0925 107.6022  
14.3980 -14.0886 127.9593  
14.4320 -11.5878 113.9219  
14.4650 -8.7133 121.4545  
14.4990 -5.5246 108.9303  
14.5320 -2.1484 97.9880  
14.5650 1.3068 92.0702  
14.5990 4.7441 69.9803  
14.6320 8.0933 52.6076  
14.6650 11.0194 -16.1060  
14.6990 13.6225 22.1032  
14.7310 16.0228 56.5744  
14.7650 17.8172 -64.2633  
14.7990 19.1878 -6.7984  
14.8320 20.0799 -32.7432  
14.8650 20.4113 -71.9183  
14.8980 20.1522 -86.8653  
14.9320 19.3360 -93.8835  
14.9640 17.9616 -120.1790  
14.9810 16.2696 -218.1310  
15.0320 14.1147 -76.0070  
15.0650 11.3751 -122.3558  
15.0990 8.4668 -113.8413  
15.1320 5.2297 -106.6729  
15.1540 1.8188 -128.0919  
15.1980 -1.6017 -56.1399  
15.2320 -4.9872 -73.9747  
15.2500 -8.0901 -20.4185  
15.2990 -10.9673 -32.3943  
15.3650 -13.5023 -4.3576  
15.3990 -15.4558 57.0348  
15.4310 -16.9753 9.4773  
15.4650 -17.8671 70.7439  
15.4990 -18.1652 71.0745  
15.5310 -17.9124 84.1067  
15.5640 -17.0316 115.4631  
15.5810 -15.5445 208.6470  
15.6310 -13.6169 80.7715  
15.6650 -11.1591 109.2339  
15.6990 -8.2694 118.5614  
15.7330 -5.2020 109.3115  
15.7650 -1.8778 89.7331  
15.7990 1.5096 89.3199  
15.8310 4.8931 74.3145  
15.8470 8.1881 112.9082  
15.8980 11.1000 -0.4313  
15.9330 13.7019 12.8230  
15.9470 16.0533 109.4232  
15.9980 17.8654 -32.9104  
16.0310 19.2727 -0.5010  
16.0650 20.1283 -52.9485  
16.0980 20.4596 -71.8792  
16.1320 20.2053 -82.9216  
16.1650 19.3930 -97.0160  
16.1980 18.0283 -112.6622  
16.2310 16.2950 -112.3705  
16.2480 14.1130 -237.5141  
16.2980 11.3913 -77.2862  
16.3310 8.4541 -116.2007  
16.3650 5.1525 -107.6412  
16.3980 1.7511 -84.8277  
16.4310 -1.6422 -69.4037  
16.4480 -5.0033 -146.8831  
16.4990 -8.2187 -34.2119  
16.5140 -11.1638 -67.6627  
16.5990 -13.7381 0.0000  
16.6320 -15.8394 20.9870  
16.6690 -17.3702 49.7300  
16.6830 -18.2983 156.6173  
16.7320 -18.5828 56.6645  
16.7480 -18.3028 177.7883  
16.7980 -17.4440 69.9675  
16.8310 -15.9508 116.5849  
16.8480 -13.9140 217.0758  
16.8980 -11.3883 77.5068  
16.9310 -8.4594 122.1541  
16.9650 -5.2281 109.3115  
16.9980 -1.8862 89.2825  
17.0140 1.5272 181.7098  
17.0660 4.9101 47.5438  
17.0990 8.1950 56.4736  
17.1310 11.0892 -12.7586  
17.1480 13.6960 57.2751  
17.1990 16.0713 26.9594  
17.2180 17.8485 -110.8425  
17.2530 19.1668 -15.9167  
17.2820 20.0058 -37.1410  
17.3330 20.3296 -43.2411  
17.3670 20.0597 -89.0979  
17.3820 19.2400 -201.7872  
17.4340 17.8493 -73.9402  
17.4660 16.1126 -120.9185  
17.4990 13.9071 -112.5460  
17.5160 11.1777 -227.3267  
17.5670 8.2754 -75.1887  
17.6000 5.0548 -113.3241  
17.6330 1.6717 -81.8931  
17.6670 -1.7112 -64.8082  
17.7000 -5.0186 -68.8848  
17.7160 -8.1906 -104.6550  
17.7680 -11.0700 -17.6479  
17.8340 -13.5789 -2.4981  
17.8490 -15.6410 50.2402  
17.9000 -17.1328 36.0729  
17.9170 -18.0348 121.2946  
17.9680 -18.3177 48.0709  
18.0040 -18.0481 78.4140  
18.0180 -17.2078 250.2878  
18.0680 -15.7460 78.8085  
18.1010 -13.7329 116.3597  
18.1350 -11.2405 113.9680  
18.1680 -8.3446 117.2543  
18.2010 -5.1396 116.5119  
18.2170 -1.8114 192.0083  
18.2690 1.5980 55.2648  
18.3020 4.9938 70.1675  
18.3340 8.2872 56.2454  
18.3530 11.1806 -26.1685  
18.4020 13.9248 49.9746  
18.4180 16.2929 4.9273  
18.4690 18.0143 -50.8239  
18.4840 19.3462 -1.6652  
18.5360 20.1724 -23.3316  
18.5690 20.4542 -71.8408  
18.6020 20.1623 -86.7841  
18.6180 19.3199 -199.3664  
18.6700 17.9269 -71.2470  
18.7060 16.2153 -102.3517  
18.7200 13.8550 -288.3836  
18.7700 11.1153 -74.2994  
18.7850 8.2478 -258.0402  
18.8370 5.0308 -67.6962  
18.8700 1.6533 -85.3946  
18.9030 -1.7288 -73.2322  
18.9190 -4.9662 -88.5431  
18.9710 -8.0201 -26.0597  
19.0030 -10.9374 -73.0879  
19.0750 -13.4863 0.0000  
19.0900 -15.4140 144.9625  
19.1220 -16.9004 21.7956  
19.1710 -17.7922 42.3545  
19.2030 -18.0903 75.5166  
19.2190 -17.8213 178.3833  
19.2710 -16.9434 70.6072  
19.3030 -15.5553 115.1501  
19.3200 -13.6280 237.5377  
19.3710 -11.0791 75.9997  
19.4040 -8.1595 112.3536  
19.4200 -5.0729 240.3058  
19.4720 -1.7487 59.0795  
19.5040 1.6552 89.8054  
19.5200 5.0555 148.7080  
19.5710 8.3342 32.1451  
19.5870 11.2389 -4.3349  
19.6380 13.9611 36.4705  
19.6710 16.2795 0.0000  
19.6870 18.0227 -117.2084  
19.7380 19.4204 4.9457  
19.7710 20.2466 -56.6889  
19.7870 20.5284 -148.1717  
19.8390 20.2246 -57.3673  
19.8710 19.3827 -93.7853  
19.8870 18.0018 -234.4594  
19.9380 16.2408 -75.8704  
19.9540 13.9063 -242.2279  
20.0070 11.1692 -75.9536  
20.0390 8.2685 -109.7503  
20.0720 4.9765 -110.9031  
20.0880 1.5917 -174.9571  
20.1390 -1.8176 -51.2946  
20.1550 -5.1520 -139.6156  
20.2060 -8.3380 -29.7471  
20.2430 -11.2669 -31.8948  
20.3060 -13.8088 0.0000  
20.3400 -15.8452 34.7091  
20.3720 -17.3108 52.5489  
20.3880 -18.1858 149.6929  
20.4390 -18.4540 47.2148  
20.4550 -18.1416 187.8627  
20.5070 -17.2180 67.2509  
20.5400 -15.6886 115.8474  
20.5730 -13.6361 112.5711  
20.5910 -11.0780 215.3189  
20.6400 -8.1514 75.1972  
20.6730 -4.9561 117.2091  
20.6890 -1.6143 196.5674  
20.7410 1.7790 55.9819  
20.7740 5.1456 64.8945  
20.7890 8.3814 113.1134  
20.8410 11.2357 -6.0995  
20.8740 13.9255 66.0027  
20.8890 16.2517 5.1745  
20.9410 17.9769 -41.0305  
20.9740 19.3364 0.8580  
20.9900 20.1293 -112.4444  
21.0410 20.3873 -43.1986  
21.0560 20.0680 -190.8386  
21.1080 19.2156 -61.3234  
21.1230 17.8092 -256.2215  
21.1740 16.0639 -72.6792  
21.1900 13.7134 -242.1320  
21.2410 10.9537 -78.6904  
21.2570 8.0397 -229.8779  
21.3090 4.7574 -70.2622  
21.3430 1.3895 -78.1148  
21.3580 -1.9974 -159.5233  
21.4080 -5.2883 -38.0518  
21.4240 -8.4278 -104.6550  
21.4750 -11.2747 -17.9939  
21.5420 -13.7510 0.0000  
21.5750 -15.7316 32.7850  
21.6080 -17.1436 50.7221  
21.6240 -17.9929 121.7876  
21.6750 -18.2051 53.2636  
21.6990 -17.8854 111.0086  
21.7250 -16.9780 133.9918  
21.7750 -15.4842 79.2245  
21.7910 -13.4389 240.0524  
21.8430 -10.9153 74.3231  
21.8760 -8.0035 117.6560  
21.8910 -4.8479 234.6803  
21.9430 -1.5405 61.3641  
21.9760 1.8697 90.2057  
21.9920 5.2176 130.8567  
22.0430 8.4791 35.2912  
22.0760 11.3087 -25.3178  
22.1100 13.9864 71.8455  
22.1490 16.3133 8.5403  
22.1630 17.9952 -184.6886  
22.2100 19.3269 8.1131  
22.2250 20.1364 -113.4936  
22.2760 20.3898 -46.4609  
