Tempo Angle omega x y
s degrees degrees/s  
0.0000 -8.5224 34.4565  
0.0220 -8.0566 8.8751  
0.0640 -7.3853 39.1845  
0.0980 -6.5882 71.0086  
0.1300 -5.4445 73.9457  
0.1650 -4.1186 59.2092  
0.1880 -2.6167 103.2230  
0.2300 -0.9360 59.5558  
0.2640 0.8363 52.6807  
0.2810 2.3010 -108.8935  
0.3300 3.7648 23.0432  
0.3640 5.3062 28.5470  
0.3970 7.2596 174.7178  
0.4290 8.5388 -135.2094  
0.4460 9.7366 91.2339  
0.5310 10.7092 -2.1084  
0.5640 11.2969 -44.6905  
0.5970 11.9755 103.3375  
0.6300 12.3992 -22.9409  
0.6640 12.5071 -147.3493  
0.6970 12.3886 -34.4018  
0.7300 12.2296 17.1813  
0.7640 11.3235 -50.1819  
0.7970 10.6539 -59.4490  
0.8310 9.6042 -66.1905  
0.8640 8.3356 -71.7363  
0.8970 6.9786 -71.4951  
0.9310 5.0002 -82.4619  
0.9640 2.9843 -34.3104  
0.9970 1.3525 -35.4146  
1.0300 -0.1717 -1.7866  
1.0640 -1.8510 -28.9358  
1.0970 -3.4621 -31.0746  
1.1310 -4.9388 -18.1369  
1.1630 -6.2362 -14.2967  
1.1980 -7.2002 27.6061  
1.2300 -8.3231 -123.3944  
1.2630 -8.8674 90.3759  
1.2960 -9.2474 15.5083  
1.3300 -9.4287 24.0370  
1.3630 -9.5373 20.2471  
1.3960 -9.4350 34.1005  
1.4340 -9.1078 32.2254  
1.4630 -8.6858 11.3697  
1.4970 -8.1267 26.8913  
1.5310 -7.4141 73.5558  
1.5630 -6.0701 73.9525  
1.5790 -4.8003 139.9362  
1.6300 -3.3466 46.1080  
1.6640 -1.7515 65.6145  
1.6970 -0.1284 28.7395  
1.7300 1.4978 35.0431  
1.7460 2.9628 -24.2320  
1.8000 4.4920 17.9999  
1.8140 6.4852 396.7201  
1.8640 8.1144 -22.7895  
1.8970 9.4456 -18.5628  
1.9310 10.6791 37.1027  
1.9640 11.7527 22.7899  
1.9980 12.2167 -113.6570  
2.0270 12.7421 53.8583  
2.0470 13.3527 100.4102  
2.0970 13.4404 -112.3237  
2.1300 13.3069 -37.5669  
2.1640 12.6308 3.7526  
2.1970 12.0265 -12.7816  
2.2310 11.2708 -62.5375  
2.2640 10.1523 -71.6969  
2.2970 8.7243 -71.0108  
2.3310 7.4596 -65.6552  
2.3630 5.8021 -73.8932  
2.3790 3.7235 -137.7383  
2.4340 2.0843 -22.2035  
2.4630 0.4827 -29.8283  
2.4970 -1.1324 -0.1866  
2.5300 -2.7974 -27.9274  
2.5630 -4.3320 -24.8799  
2.5970 -5.6758 -13.5070  
2.6310 -6.8205 -10.3603  
2.6970 -7.7319 1.5428  
2.7300 -8.3715 10.6884  
2.7640 -8.7294 18.0329  
2.7980 -8.8836 23.9970  
2.8310 -8.8637 26.5181  
2.8640 -8.7310 34.0399  
2.8970 -8.4732 9.9354  
2.9300 -8.0131 36.4534  
2.9640 -7.3157 56.2747  
2.9970 -6.3497 70.7365  
3.0310 -5.1704 65.7099  
3.0640 -3.7892 71.8659  
3.0970 -2.2922 53.6989  
3.1130 -0.5640 195.4148  
3.1640 1.1279 10.0559  
3.2000 2.5823 -34.7475  
3.2300 4.1277 41.2311  
3.2460 6.0811 330.1577  
3.2970 7.9780 26.4565  
3.3300 9.1880 -137.4415  
3.3640 10.4481 80.4822  
3.4310 11.2795 -28.6114  
3.4640 11.8376 -29.0819  
3.4970 12.4908 123.5477  
3.5300 12.5301 -170.4833  
3.5630 12.5968 -29.6245  
3.5790 12.5500 6.4043  
3.6300 11.9791 0.8183  
3.6460 11.0515 -138.6313  
3.6980 10.3579 -42.2021  
3.7310 9.1555 -71.2881  
3.7640 7.9082 -71.7125  
3.7970 6.5201 -71.7270  
3.8310 4.5074 -63.7769  
3.8630 2.9073 -46.8896  
3.8960 1.3743 -9.3214  
3.9130 -0.2490 -47.0128  
3.9630 -1.9787 -20.4627  
3.9820 -3.5687 -43.1771  
4.0310 -4.9955 -11.4854  
4.0630 -6.2382 -15.9880  
4.0970 -7.2164 8.2024  
4.1310 -8.0763 -34.8227  
4.1630 -8.6083 34.6822  
4.1790 -8.9392 31.9567  
4.2310 -9.1576 15.7032  
4.2640 -9.2088 26.4856  
4.2970 -9.0554 30.9686  
4.3320 -8.6976 34.9608  
4.3460 -8.2678 11.2286  
4.3970 -7.6451 27.7986  
4.4300 -6.8005 75.6764  
4.4460 -5.6145 139.4094  
4.4860 -4.3170 55.6151  
4.5310 -2.8324 52.9401  
4.5640 -1.1486 85.1390  
4.5970 0.6088 48.7619  
4.6300 2.0632 -60.8766  
4.6640 3.5182 36.2035  
4.6960 5.0604 32.1573  
4.7130 7.0370 338.8976  
4.7640 8.5186 -48.0906  
4.7970 9.7580 -5.7887  
4.8300 10.7478 -8.2358  
4.8460 11.8278 205.2632  
4.8970 12.1688 -89.8057  
4.9150 12.6832 185.7371  
4.9640 13.3492 -10.0752  
4.9970 13.3750 -156.6623  
5.0300 13.1742 -37.5346  
5.0630 12.5016 31.6467  
5.0790 11.9509 -77.0917  
5.1300 11.1673 -49.4113  
5.1640 10.1911 -64.6498  
5.1970 8.6501 -71.6427  
5.2300 7.3295 -71.9797  
5.2460 5.4086 -166.2340  
5.2970 3.4399 -19.0743  
5.3130 1.9457 -26.4704  
5.3640 0.3694 -40.4000  
5.3970 -1.3269 -4.7036  
5.4130 -2.9920 -57.6293  
5.4640 -4.4873 -16.1078  
5.4970 -5.7984 -10.7882  
5.5130 -6.8980 -15.6205  
5.5640 -8.1155 -69.6872  
5.5970 -8.6913 113.8687  
5.6130 -9.1345 22.0741  
5.6640 -9.4638 14.0195  
5.6970 -9.5056 24.7111  
5.7150 -9.4238 60.0094  
5.7640 -9.1376 22.9062  
5.7970 -8.7149 16.4554  
5.8300 -8.1959 18.3898  
5.8460 -7.4080 152.4288  
5.8970 -6.0271 46.5984  
5.9130 -4.8133 130.4258  
5.9640 -3.3995 46.1373  
5.9970 -1.8315 68.3713  
6.0130 -0.1886 97.8585  
6.0670 1.2873 -10.9495  
6.0970 2.7420 30.3820  
6.1130 4.2452 64.2370  
6.1640 6.2279 105.9157  
6.1970 7.9785 3.5800  
6.2130 9.2177 -171.0684  
6.2640 10.5868 66.3680  
6.2790 11.8307 73.4395  
6.3310 12.3322 -99.3835  
6.3640 12.6928 4.7484  
6.3970 13.4586 104.8918  
6.4300 13.5670 -171.6294  
6.4520 13.4588 -51.6770  
6.4970 12.7412 -15.4067  
6.5300 11.8480 -49.6224  
6.5460 11.2433 9.2943  
6.5970 10.0635 -46.4246  
6.6130 8.5395 -146.1966  
6.6640 7.2943 -46.6790  
6.6960 5.8166 -67.7687  
6.7130 3.7598 -136.9907  
6.7640 2.1458 -24.2352  
6.7790 0.6420 -2.3730  
6.8310 -0.9014 -20.9331  
6.8630 -2.3834 -31.9962  
6.8790 -3.9521 -44.8941  
6.9310 -5.3403 -10.8071  
6.9640 -6.5252 -9.3050  
7.0300 -7.4664 0.8581  
7.0460 -8.1555 22.0449  
7.0970 -8.5504 12.0219  
7.1130 -8.7503 44.6253  
7.1640 -8.8489 19.1566  
7.1970 -8.7264 34.0399  
7.2130 -8.3791 76.4220  
7.2630 -7.9427 3.4783  
7.2790 -7.2769 108.2228  
7.3300 -6.3448 46.1934  
7.3460 -5.1960 139.0237  
7.3970 -3.8594 43.7113  
7.4130 -2.3630 138.2467  
7.4640 -0.7365 39.5147  
7.4970 0.8163 7.2753  
7.5130 2.2699 8.1676  
7.5630 3.7048 20.7145  
7.5800 5.2193 57.0941  
7.6310 7.0599 97.8773  
7.6630 8.3461 -99.6046  
7.6790 9.4777 42.4032  
7.7640 10.3673 -2.2466  
7.7790 10.9365 -66.1763  
7.8310 11.6526 67.0162  
7.8630 11.8470 -155.5298  
7.8790 11.9249 -64.6644  
7.9300 11.7755 -24.2670  
7.9460 11.6090 50.0211  
7.9980 10.8166 -24.3706  
8.0310 10.1058 -71.8610  
8.0660 9.0909 -67.5054  
8.0800 7.8595 -168.3289  
8.1310 6.4906 -46.4016  
8.1630 4.5388 -73.2731  
8.1790 2.9757 -68.1131  
8.2310 1.4921 -4.6160  
8.2640 -0.0012 -40.4239  
8.2800 -1.6729 -61.4885  
8.3310 -3.3101 -18.0939  
8.3630 -4.7563 -14.3924  
8.3800 -6.0071 -24.0651  
8.4300 -7.0028 3.8717  
8.4460 -8.1959 -271.2036  
8.4970 -8.7343 82.3751  
8.5350 -9.1182 11.9962  
8.5500 -9.3965 54.4376  
8.5970 -9.4598 17.3370  
8.6300 -9.3269 29.6682  
8.6460 -8.9691 82.8577  
8.6970 -8.5458 3.8298  
8.7130 -7.9294 95.0559  
8.7640 -7.1265 40.3737  
8.7970 -5.6521 71.9806  
8.8130 -4.3738 139.9853  
8.8640 -2.9211 43.1541  
8.8960 -1.3297 68.8524  
8.9130 0.3098 76.2015  
8.9640 1.7641 -17.1146  
8.9820 3.1986 62.6603  
9.0310 4.7267 23.0902  
9.0460 6.6442 361.0247  
9.0970 7.9524 -79.1211  
9.1130 9.0642 25.7515  
9.1640 10.2965 67.5483  
9.1970 11.2028 -32.1053  
9.2300 11.6466 -73.3660  
9.2460 12.2460 178.1677  
9.2970 12.9455 2.5211  
9.3130 13.0023 -331.2341  
9.3640 12.8323 -22.2726  
9.3970 12.1587 11.4906  
9.4130 11.7944 -58.9126  
9.4640 11.1986 -37.2959  
9.4800 10.0232 -146.9715  
9.5310 8.7026 -49.2558  
9.5640 7.4018 -67.3518  
9.5970 5.5656 -75.8306  
9.6130 3.5872 -80.9274  
9.6640 1.9785 -31.4170  
9.6790 0.4850 1.1215  
9.7310 -1.1551 -20.9203  
9.7630 -2.7932 -28.8073  
9.7790 -4.3077 -41.6616  
9.8310 -5.6382 -9.8299  
9.8640 -6.8384 -36.6460  
9.8790 -8.1116 -196.8852  
9.9310 -8.7333 77.1916  
9.9630 -9.1901 11.0371  
9.9790 -9.4152 44.6872  
10.0300 -9.5605 15.9895  
10.0460 -9.5093 54.7390  
10.0980 -9.2537 21.5933  
10.1310 -8.8902 12.5104  
10.1660 -8.3518 35.3598  
10.1800 -7.5070 132.4579  
10.2300 -6.1302 47.3310  
10.2460 -4.9313 139.7157  
10.2970 -3.5472 43.2440  
10.3310 -2.0117 65.5456  
10.3640 -0.3991 48.0527  
10.3800 1.1000 -16.0984  
10.4310 2.5546 13.2733  
10.4460 4.0810 75.3387  
10.4970 5.7700 56.1769  
10.5150 7.5734 166.5443  
10.5640 8.7537 -78.8740  
10.5800 10.0530 214.1407  
10.6310 11.1225 -1.8354  
10.6640 11.6564 -94.7441  
10.6790 11.9868 -29.9915  
10.7310 12.7648 81.1386  
10.7640 12.8936 -176.2115  
10.7840 12.8061 -51.6845  
10.8300 12.4387 1.4348  
10.8460 11.6901 -50.8621  
10.8970 11.1086 -43.0203  
10.9310 10.0429 -41.6378  
10.9640 8.7513 -71.3001  
10.9790 7.5357 -157.7171  
11.0300 6.1294 -46.2329  
11.0460 4.1238 -110.7898  
11.0970 2.5543 -28.5284  
11.1300 1.0606 -8.3333  
11.1630 -0.5485 -33.0062  
11.1790 -2.1684 -57.5580  
11.2340 -3.6510 -14.9157  
11.2470 -5.0482 -43.2912  
11.2980 -6.2353 -4.9299  
11.3300 -7.1543 9.8462  
11.3460 -8.0130 -109.6521  
11.3970 -8.5199 34.2051  
11.4130 -8.8357 28.5735  
11.4640 -9.0525 14.0001  
11.4790 -9.0688 61.0754  
11.5310 -8.8950 18.8485  
11.5640 -8.6262 3.9363  
11.5820 -8.1550 81.1968  
11.6310 -7.5153 29.2454  
11.6460 -6.6703 157.8597  
11.6980 -5.4275 42.7535  
11.7300 -4.1364 69.6488  
11.7460 -2.6675 139.6298  
11.7980 -1.0545 41.4428  
11.8300 0.5195 16.4527  
11.8460 1.9636 -19.9036  
11.8970 3.5076 22.1273  
11.9130 5.0084 64.3145  
11.9640 6.9268 109.9966  
11.9790 8.4391 -112.8737  
12.0300 9.6513 -15.2667  
12.0970 10.8002 23.8250  
12.1130 11.3969 -205.5017  
12.1640 12.2096 84.6058  
12.1790 12.3993 -380.2243  
12.2310 12.5173 -19.9029  
12.2460 12.3987 -82.5304  
12.2970 12.2249 9.3451  
12.3130 11.4151 -46.8297  
12.3470 10.5353 -70.3998  
12.3830 9.5003 -64.7529  
12.4300 8.0593 -52.3978  
12.4460 6.7201 -141.9455  
12.4980 4.6992 -48.1026  
12.5130 3.1177 -87.2699  
12.5640 1.6443 0.8790  
12.5800 0.1715 -76.9231  
12.6310 -1.4474 -19.3108  
12.6460 -3.0733 -54.6340  
12.6970 -4.5265 -13.0703  
12.7130 -5.7821 -22.1621  
12.7640 -6.7400 10.0749  
12.7790 -7.8635 -261.7670  
12.8300 -8.3955 66.9154  
12.8460 -8.7612 22.1621  
12.8970 -9.0599 14.0077  
12.9130 -9.1541 50.9275  
12.9640 -9.0519 19.1971  
12.9860 -8.7453 55.6298  
13.0300 -8.2594 25.6172  
13.0460 -7.7237 8.9388  
13.0970 -7.0077 45.4314  
13.1130 -5.6624 147.9001  
13.1640 -4.4354 43.7207  
13.1800 -3.0226 138.3030  
13.2300 -1.5329 29.6602  
13.2460 0.0745 124.4956  
13.2970 1.6689 16.6484  
13.3130 3.0931 -29.9152  
13.3650 4.5073 19.7652  
13.3970 6.4434 167.5360  
13.4130 8.0514 -60.1577  
13.4640 9.1725 -49.0893  
13.4790 10.3915 213.9018  
13.5310 11.3954 1.1951  
13.5640 11.9306 -97.0849  
13.5800 12.5626 185.0076  
13.6310 13.1180 1.6310  
13.6460 13.2057 -343.7813  
13.6970 13.0769 -22.2790  
13.7130 12.4113 -0.4814  
13.7630 11.7505 -18.2712  
13.7790 11.2026 -85.9554  
13.8310 10.0995 -45.0440  
13.8640 8.7704 -66.6486  
13.8790 7.5243 -158.1924  
13.9310 5.7745 -39.9483  
13.9640 3.8330 -55.5573  
13.9790 2.2722 -90.0232  
14.0300 0.7889 -7.0606  
14.0460 -0.8024 -68.0326  
14.0970 -2.3842 -16.0568  
14.1130 -3.9055 -48.1152  
14.1670 -5.2437 -9.4603  
14.1800 -6.5485 -143.5713  
14.2650 -7.4546 19.0000  
14.2970 -8.1123 12.7107  
14.3130 -8.5306 34.9797  
14.3640 -8.7324 15.9895  
14.3790 -8.8106 58.3882  
14.4300 -8.6676 22.0167  
14.4460 -8.3104 82.7560  
14.4970 -7.8778 -0.3299  
14.5150 -7.2040 105.6398  
14.5640 -6.1069 48.3083  
14.5800 -4.9487 139.1021  
14.6310 -3.6097 43.4157  
14.6460 -2.1112 143.6482  
14.6980 -0.5329 31.0461  
14.7310 1.1047 44.4898  
14.7460 2.5388 -60.8106  
14.7970 3.9534 22.1458  
14.8130 5.4624 57.9281  
14.8680 7.2745 89.6849  
14.8810 8.5337 -243.2147  
14.9300 9.6861 23.6247  
14.9970 10.4862 -19.5424  
15.0130 11.0121 -36.6280  
15.0640 11.7986 82.7296  
15.0970 11.8671 -173.0739  
15.1170 11.9234 -51.7000  
15.1640 11.7431 -26.3182  
15.1790 11.5113 27.4760  
15.2300 10.5972 -37.0722  
15.2460 9.8543 -90.6028  
15.2970 8.7603 -46.1276  
15.3130 7.5607 -147.9263  
15.3630 6.2182 -40.2753  
15.3790 4.1685 -178.3405  
15.4300 2.6252 -12.6859  
15.4460 1.1520 -20.8501  
15.4970 -0.3168 -23.3807  
15.5130 -1.9188 -57.5309  
15.5640 -3.4138 -16.0771  
15.5800 -4.8303 -41.6133  
15.6300 -6.0526 -8.1821  
15.6460 -7.1449 -66.7230  
15.6970 -8.0639 -5.4948  
15.7130 -8.5266 106.7725  
15.7640 -8.8790 8.9642  
15.7790 -9.1266 47.6003  
15.8310 -9.1735 15.6622  
15.8490 -9.0202 60.1010  
15.8970 -8.6626 25.4829  
15.9120 -8.1272 74.1088  
15.9640 -7.5264 4.7145  
15.9790 -6.5672 167.7715  
16.0310 -5.3578 42.7317  
16.0640 -4.0963 67.5246  
16.0790 -2.6594 147.4915  
16.1300 -1.1383 30.5029  
16.1460 0.4828 113.3556  
16.2010 2.0612 11.9103  
16.2140 3.4856 -24.3450  
16.2640 4.8914 18.5140  
16.2790 6.8273 369.7523  
16.3310 8.4487 -12.0916  
16.3460 9.5353 -208.3568  
16.3970 10.5551 30.5844  
16.4130 11.5397 116.2661  
16.4640 12.0127 -69.8002  
16.4790 12.5702 177.2026  
16.5300 12.6679 -77.3104  
16.5490 12.6937 -54.4882  
16.5970 12.5134 -23.6512  
16.6130 11.8373 36.7244  
16.6640 11.1322 -17.9923  
16.6790 10.5172 -148.3661  
16.7300 9.5097 -46.3624  
16.7460 8.0807 -147.1951  
16.7970 6.7731 -45.9768  
16.8130 4.9730 -141.7424  
16.8630 3.4033 -32.7677  
16.8790 1.8209 -72.6563  
16.9130 0.3378 -4.1822  
16.9640 -1.3128 -21.3240  
16.9790 -2.9535 -54.6340  
17.0300 -4.4384 -13.0703  
17.0460 -5.7278 -25.5540  
17.0980 -6.7293 10.0627  
17.1130 -7.8527 -237.6334  
17.1640 -8.4500 58.7022  
17.1790 -8.8481 23.6082  
17.2300 -9.0584 14.0116  
17.2460 -9.1731 50.9404  
17.2970 -9.0913 17.1875  
17.3160 -8.8051 64.4381  
17.3480 -8.3199 41.3582  
17.3800 -7.7767 5.3564  
17.4300 -7.0858 40.0032  
17.4460 -5.8018 147.9109  
17.4980 -4.6083 40.1646  
17.5310 -3.2149 71.3031  
17.5460 -1.6701 148.6460  
17.5970 -0.0502 30.6894  
17.6130 1.5683 53.8799  
17.6640 2.9923 -14.1168  
17.6800 4.3970 70.6300  
17.7130 6.2920 153.8040  
17.7640 7.9685 -3.6442  
17.7800 9.1192 -180.7303  
17.8310 10.5861 102.9570  
17.8460 11.6384 -119.4987  
17.8970 12.1220 -67.8103  
17.9130 12.4336 -9.6120  
17.9640 13.0079 68.4113  
17.9800 13.1161 -336.3582  
18.0310 13.0079 -20.2565  
18.0460 12.2686 -82.3998  
18.0800 11.7047 46.1189  
18.1130 11.1888 -73.0607  
18.1640 9.9111 -46.4246  
18.1800 8.5780 -146.6409  
18.2310 7.3534 -46.5396  
18.2460 5.9362 -138.6869  
18.2970 4.0029 -32.7715  
18.3130 2.4543 -95.9529  
18.3630 0.9160 -18.5900  
18.3790 -0.5424 -27.2921  
18.4310 -2.2599 -19.6804  
18.4460 -3.8080 -47.8609  
18.4970 -5.1757 -11.0350  
18.5130 -6.3395 -19.1798  
18.5970 -7.2603 0.6602  
18.6130 -7.9378 22.1034  
18.6640 -8.3869 12.0150  
18.6790 -8.6110 47.5750  
18.7310 -8.6547 16.8357  
18.7460 -8.5424 74.8721  
18.7970 -8.2726 10.8186  
18.8130 -7.8334 60.9385  
18.8640 -7.1502 36.8387  
18.8820 -6.2386 109.8090  
18.9310 -5.1101 45.3955  
18.9460 -3.7940 148.6183  
18.9970 -2.3157 43.8244  
19.0130 -0.7465 101.3894  
19.0640 0.8236 17.3489  
19.0790 2.2473 -22.6652  
19.1300 3.7288 22.1334  
19.1460 5.2054 57.8918  
19.1970 7.0227 103.6216  
19.2180 8.2415 -190.8360  
19.2490 9.4099 55.5013  
19.3310 10.3783 2.7998  
19.3470 10.9245 -124.2486  
19.3970 11.7303 84.3841  
19.4130 11.8869 -350.4914  
19.4640 11.9740 -20.2807  
19.4820 11.8245 -68.7381  
19.5310 11.5176 -13.2327  
19.5460 10.6414 -27.2126  
19.5970 9.9980 -32.9176  
19.6130 8.9464 -147.6680  
19.6640 7.6361 -46.2079  
19.6790 6.3027 -147.9012  
19.7150 4.2826 -73.5795  
19.7640 2.7564 -13.6257  
19.7790 1.2831 -33.7348  
19.8340 -0.1793 -20.5187  
19.8480 -1.6856 -77.6340  
19.8970 -3.2330 -16.7333  
19.9130 -4.6690 -35.2257  
19.9630 -5.9095 -8.1797  
19.9790 -7.0724 -98.7361  
20.0310 -7.9979 2.9744  
20.0460 -8.5005 105.4448  
20.0970 -8.8905 8.9556  
20.1130 -9.1586 44.6374  
20.1640 -9.2323 15.9733  
20.1820 -9.0892 60.0823  
20.2310 -8.7519 22.8888  
20.2460 -8.3328 17.0202  
20.2980 -7.7703 19.6984  
20.3130 -6.7997 166.7719  
20.3630 -5.6224 44.4195  
20.3800 -4.3657 139.7981  
20.4310 -2.9482 40.4711  
20.4460 -1.3641 158.7098  
20.4960 0.1039 -6.9205  
20.5130 1.5173 31.4704  
20.5630 2.9415 24.5988  
20.5790 4.4430 64.2561  
20.6310 6.3530 98.2353  
20.6460 8.0436 20.5768  
20.6970 9.1496 -71.0738  
20.7130 10.4577 274.8061  
20.7630 11.4900 -13.8695  
20.7790 11.9102 -233.7589  
20.8300 12.6380 53.5115  
20.8460 13.2756 -22.8938  
20.8970 13.3323 -89.7935  
20.9130 13.1726 -70.9737  
20.9470 12.5614 17.4488  
20.9970 11.8845 -6.9820  
21.0130 11.3093 -162.9108  
21.0640 10.0593 -46.1087  
21.0790 8.6423 -157.5710  
21.1310 7.3623 -45.5978  
21.1620 5.6166 -62.1571  
21.1760 3.7245 -130.7371  
21.2300 2.2178 -13.4283  
21.2460 0.7450 -49.8588  
21.2970 -0.8960 -21.3370  
21.3130 -2.5840 -51.1937  
21.3640 -4.0832 -14.0806  
21.3800 -5.3932 -28.7572  
21.4130 -6.4920 -7.6189  
21.4640 -8.6048 -245.3134  
21.4800 -9.2637 788.2947  
21.5300 -9.7041 7.0825  
21.5490 -10.0005 37.6101  
21.5800 -10.1458 23.0082  
21.6300 -10.0845 19.5670  
21.6460 -9.8290 70.1502  
21.6970 -9.5076 -1.1604  
21.7130 -8.9836 97.9129  
21.7640 -8.2359 38.9286  
21.7800 -6.0343 126.6935  
21.8300 -4.8558 47.6614  
21.8460 -3.4921 137.8404  
21.8990 -1.9795 41.5688  
21.9130 -0.4089 92.4441  
21.9640 1.0951 6.0993  
21.9790 2.5088 14.6756  
22.0140 4.0413 32.2695  
22.0470 5.5099 28.0864  
22.0820 7.2539 135.4182  
22.1140 8.4283 -114.6465  
22.1640 9.7913 85.3652  
22.1790 10.9450 7.5091  
22.2310 11.5285 -67.2663  
22.2490 11.8746 -60.0211  
22.2970 12.5891 83.2213  
22.3130 12.7329 -342.9349  
22.3640 12.6500 -22.2885  
22.3800 12.3508 -77.2588  
22.4310 11.5253 -10.2798  
22.4460 11.0368 -19.8567  
22.4970 9.8995 -43.5330  
22.5130 8.5164 -146.5678  
22.5640 7.2456 -46.5804  
22.5800 5.8758 -129.3660  
22.6300 3.8398 -53.3528  
22.6460 2.2505 -63.7215  
22.6970 0.7877 2.5134  
22.7130 -0.6503 -61.7211  
22.7470 -2.1483 -33.0940  
22.7980 -3.6883 -14.0713  
22.8130 -5.0626 -37.5592  
22.8640 -6.2434 -8.0206  
22.8800 -7.0764 68.8376  
22.9140 -7.8071 -30.7712  
22.9650 -8.2458 4.9344  
22.9800 -8.5315 34.0526  
23.0140 -8.7586 20.9975  
23.0640 -8.7995 17.4980  
23.0800 -8.6257 63.8386  
23.1140 -8.2477 38.9674  
23.1640 -7.8132 0.0227  
23.1800 -7.1807 98.2146  
23.2140 -6.4219 69.5310  
23.2480 -5.3358 65.4952  
23.2970 -4.0520 45.4823  
23.3130 -2.5980 138.2619  
23.3470 -0.9473 78.8793  
23.3810 0.6231 2.0885  
23.4130 2.0467 -13.9161  
23.4640 3.4507 22.1181  
23.4890 4.9472 37.0220  
23.5130 6.8503 234.9353  
23.5470 8.4497 -19.7984  
23.5810 9.6443 -53.5572  
23.6640 10.9604 41.4779  
23.6800 11.5410 -321.3703  
23.7140 12.2665 121.5000  
23.7470 12.4434 -164.1247  
23.7980 12.5613 -20.2835  
23.8130 12.4529 -75.6311  
23.8470 12.2510 -0.3118  
23.8980 11.3892 -18.8190  
23.9130 10.3879 -137.8714  
23.9470 9.3704 -58.3336  
23.9810 7.7721 -69.5622  
24.0130 6.4660 -69.3967  
24.0640 4.4801 -52.2673  
24.0800 2.9161 -74.8868  
24.1130 1.4633 2.3456  
24.1470 0.0008 -36.1960  
24.1980 -1.5591 -19.3139  
24.2130 -3.1152 -61.4640  
24.2640 -4.5210 -11.0631  
24.2800 -5.7795 -31.9429  
24.3300 -6.7312 14.0598  
24.3460 -7.8063 -215.8855  
24.3980 -8.3240 55.9126  
24.4130 -8.6864 23.6539  
24.4470 -8.9852 21.0089  
24.4800 -9.0794 24.6893  
24.5140 -8.9874 25.7972  
24.5470 -8.6706 40.1775  
24.5810 -8.1753 35.9203  
24.6140 -7.6278 0.3271  
24.6470 -6.9129 72.0068  
24.6810 -5.6455 60.9334  
24.7140 -4.4302 72.3127  
24.7470 -3.0449 62.2526  
24.7980 -1.5507 35.3678  
24.8130 0.0570 129.9653  
24.8470 1.6586 24.0025  
24.8810 3.0622 -19.2164  
24.9140 4.4465 31.1312  
24.9470 6.3029 143.4041  
24.9810 8.0908 49.7308  
25.0140 9.2084 -140.3375  
25.0470 10.6053 156.9450  
25.0970 11.8054 1.7285  
25.1130 12.2986 -329.1007  
25.1470 12.8399 71.5087  
25.1810 13.3207 6.1994  
25.2310 13.3979 -93.7960  
25.2460 13.2691 -68.8219  
25.2980 12.5435 -23.7541  
25.3130 11.8066 105.1191  
25.3480 11.2108 -91.9614  
25.3800 9.9156 -56.7562  
25.4300 8.3908 -44.1854  
25.4460 7.1544 -148.8133  
25.4840 5.4863 -49.6490  
25.5130 3.5908 -71.1213  
25.5470 2.0270 -40.3832  
25.5810 0.4587 -31.6628  
25.6140 -0.9892 -0.9897  
25.6640 -2.6870 -18.4254  
25.6800 -4.1245 -38.4600  
25.7310 -5.4366 -11.0387  
25.7460 -6.5530 -16.7768  
25.8300 -7.4312 0.0000  
25.8460 -8.0855 22.1168  
25.8810 -8.4721 17.5053  
25.9140 -8.6502 21.6224  
25.9470 -8.6330 26.5341  
25.9800 -8.5003 34.0296  
26.0140 -8.2279 13.9739  
26.0470 -7.8125 24.6795  
26.0980 -7.1514 37.1432  
26.1130 -6.2285 157.8133  
26.1470 -5.1028 59.6146  
26.1810 -3.7861 66.6034  
26.2140 -2.3500 54.7374  
26.2470 -0.8031 55.2033  
26.2800 0.7945 41.8899  
26.3140 2.2172 -18.4019  
26.3470 3.6962 31.4257  
26.3800 5.1805 26.3197  
26.4140 6.9885 150.9109  
26.4470 8.1698 -118.1538  
26.4800 9.4702 97.4899  
26.5470 10.4940 -7.4920  
26.5800 11.2225 -34.7165  
26.6130 11.9148 44.2099  
26.6470 12.0129 -134.1041  
26.6830 12.0702 -28.7090  
26.7130 11.9001 -41.2153  
26.7470 11.5337 -32.1875  
26.7800 10.6772 6.9264  
26.8140 9.9973 -62.6942  
26.8470 8.7605 -71.2972  
26.8970 7.3372 -47.3326  
26.9130 5.8222 -128.8979  
26.9640 3.9500 -41.4307  
26.9790 2.4217 -74.7136  
27.0130 0.9589 -11.1562  
27.0470 -0.4933 -33.2022  
27.0800 -1.9343 -29.8173  
27.1140 -3.4802 -24.1191  
27.1470 -4.8591 -13.9758  
27.1800 -6.0436 -12.3918  
27.2140 -7.1746 -53.8710  
27.2470 -7.9386 48.7153  
27.2800 -8.4587 9.8875  
27.3140 -8.8156 15.0276  
27.3470 -9.0632 21.6397  
27.3800 -9.1062 27.7652  
27.4140 -8.9427 31.8228  
27.4470 -8.5850 33.9774  
27.4800 -8.1022 23.9479  
27.5140 -7.4919 25.4753  
27.5470 -6.4608 72.0046  
27.5810 -5.3870 59.8285  
27.6130 -4.1091 73.9935  
27.6470 -2.6747 61.0664  
27.6810 -1.1062 60.4335  
27.7140 0.5089 41.8961  
27.7470 1.9295 -26.1664  
27.7810 3.3333 28.0461  
27.8140 4.7609 31.1494  
27.8470 6.5922 148.5746  
27.8800 8.0771 -32.9511  
27.9140 9.2447 -33.5075  
27.9470 10.2036 8.5352  
27.9800 11.2814 98.9231  
28.0140 11.6798 -139.3860  
28.0470 12.3242 116.4587  
28.0800 12.5430 -155.1666  
28.1140 12.5790 -25.7110  
28.1470 12.3884 -37.5083  
28.1800 11.5943 -34.2826  
28.2140 10.8589 -14.7625  
28.2470 10.1232 -34.5836  
28.2810 9.1467 -62.5251  
28.3140 7.6246 -66.4550  
28.3500 6.3470 -63.6832  
28.3800 4.4690 -72.0667  
28.4140 2.9752 -37.5802  
28.4470 1.5223 -14.1172  
28.4800 0.0701 -37.2858  
28.5140 -1.3675 -28.9812  
28.5470 -2.8471 -27.9311  
28.5800 -4.2741 -18.6575  
28.6140 -5.5346 -13.5258  
28.6470 -6.5938 -5.4747  
28.6800 -7.7397 -95.7744  
28.7130 -8.3300 102.8854  
28.7470 -8.7570 10.4356  
28.7800 -9.0762 18.5559  
28.8130 -9.1909 24.6955  
28.8470 -9.1091 28.7900  
28.8810 -8.8230 33.0025  
28.9140 -8.3531 37.0200  
28.9470 -7.8191 5.4923  
28.9810 -7.0501 63.7884  
29.0140 -5.7489 65.5309  
29.0470 -4.5634 67.8055  
29.0810 -3.2078 60.4689  
29.1140 -1.7393 52.7669  
29.1470 -0.2499 31.0310  
29.1800 1.1888 14.3047  
29.2140 2.5924 22.6522  
29.2470 3.9764 31.1134  
29.2800 5.8007 138.9115  
29.3140 7.5445 40.0899  
29.3470 8.6770 -119.6783  
29.3800 10.0409 137.9095  
29.4140 11.2202 6.1702  
29.4470 11.7754 -136.3442  
29.4800 12.4456 65.8770  
29.5140 13.1310 18.3360  
29.5470 13.2493 -148.4759  
29.5800 13.1514 -34.4258  
29.6140 12.4715 -36.3388  
29.6470 11.6780 6.8558  
29.6810 11.1556 -36.3902  
29.7140 9.9661 -64.2745  
29.7470 8.5209 -71.1120  
29.7800 7.2883 -71.9144  
29.8140 5.6383 -58.8176  
29.8470 3.6947 -70.0855  
29.8800 2.1698 -21.6174  
29.9130 0.7174 -12.4476  
29.9470 -0.7204 -32.0401  
29.9800 -2.2730 -27.9039  
30.0140 -3.7838 -24.1254  
30.0470 -5.1286 -13.9624  
30.0800 -6.2639 -7.6410  
30.1640 -7.1619 0.0000  
30.1800 -7.8294 19.0607  
30.2140 -8.2097 16.4666  
30.2470 -8.4371 24.7081  
30.2800 -8.5420 24.6595  
30.3140 -8.4297 31.8532  
30.3470 -8.1031 37.0439  
30.3810 -7.6878 1.9731  
30.4140 -7.0392 56.6983  
30.4470 -6.1563 63.3894  
30.4810 -5.0506 65.4966  
30.5140 -3.7540 67.1193  
30.5470 -2.3295 55.7263  
30.5810 -0.8121 51.2823  
30.6140 0.7031 24.0122  
30.6470 2.1064 -1.0925  
30.6800 3.4900 31.0791  
30.7140 4.9641 28.5758  
30.7480 6.6952 130.6050  
30.7800 7.8961 -100.2841  
30.8140 9.0613 54.9850  
30.8980 10.1140 12.9759  
30.9130 10.6829 -199.9165  
30.9470 11.3758 87.7443  
30.9810 11.5626 -125.5500  
31.0140 11.6497 -31.3282  
31.0470 11.5207 -34.3594  
31.0800 11.3642 21.0783  
31.1140 10.5762 -55.1265  
31.1470 9.9510 -47.9094  
31.1810 8.9026 -69.4843  
31.2140 7.5095 -71.4189  
31.2460 6.2092 -64.7063  
31.2800 4.3609 -73.4480  
31.3140 2.8065 -39.0906  
31.3470 1.3641 2.5876  
31.3810 -0.0843 -35.0954  
31.4140 -1.7045 -30.9792  
31.4470 -3.2192 -24.8371  
31.4800 -4.6322 -17.0975  
31.5130 -5.8498 -12.3881  
31.5470 -7.0300 -58.2960  
31.5810 -8.2329 -67.5647  
31.6140 -8.7425 134.3915  
31.6470 -9.0735 13.8600  
31.6810 -9.3518 18.0003  
31.7140 -9.4192 27.7652  
31.7490 -9.2827 29.0242  
31.7840 -8.9456 33.9252  
31.8130 -8.5157 12.5071  
31.8470 -7.9522 27.2966  
31.8810 -6.9500 70.7066  
31.9140 -5.4955 67.4813  
31.9470 -4.2616 67.5153  
31.9810 -2.8652 61.2785  
32.0140 -1.3535 53.4623  
32.0470 0.1961 39.2566  
32.0800 1.5957 -14.6808  
32.1130 2.9893 34.1556  
32.1470 4.4493 30.2244  
32.1810 6.3004 142.3034  
32.2140 7.9557 13.5359  
32.2480 9.2268 -47.5310  
32.2800 10.5698 92.1283  
32.3140 11.6279 -22.5478  
32.3470 12.0999 -124.1194  
32.3800 12.6349 58.3365  
32.4140 12.8916 -96.1077  
32.4470 12.9481 -26.4809  
32.4810 12.7884 -33.3850  
32.5130 12.0420 -32.1590  
32.5470 11.3909 41.1857  
32.5800 10.6359 -80.4538  
32.6140 9.3644 -65.2234  
32.6470 7.9341 -71.3434  
32.6800 6.6767 -71.7046  
32.7140 5.0086 -64.1893  
32.7470 3.5253 -43.0428  
32.7800 2.0250 -31.6009  
32.8140 0.5830 -16.2513  
32.8470 -0.8548 -29.8920  
32.8840 -2.5144 -22.1246  
32.9130 -3.9754 -23.0461  
32.9470 -5.2657 -15.0147  
32.9810 -6.5039 -53.9312  
33.0140 -7.3833 37.0071  
33.0470 -7.9984 13.9828  
33.0800 -8.4206 15.3892  
33.1140 -8.6926 13.5180  
33.1470 -8.8279 24.6893  
33.1800 -8.7730 27.7199  
33.2140 -8.5279 31.8951  
33.2470 -8.0937 37.0200  
33.2800 -7.5858 6.8866  
33.3140 -6.7165 52.3625  
33.3470 -5.7483 66.9635  
33.3810 -4.6028 65.7213  
33.4140 -3.3023 62.3516  
33.4470 -1.8961 45.9775  
33.4810 -0.3806 56.1018  
33.5130 1.1558 35.1029  
33.5470 2.5388 -13.2021  
33.5810 3.9023 30.1814  
33.6140 5.3357 28.0641  
33.6470 6.9984 123.4588  
33.6800 8.3321 -32.7669  
33.7160 9.6603 60.5737  
33.7450 10.6286 -53.1739  
33.7810 11.3801 -18.0625  
33.8150 11.7357 -60.3641  
33.8490 12.1031 36.5379  
33.8810 12.2420 -85.4619  
33.9150 12.1646 -33.4133  
33.9470 11.8855 -34.1113  
33.9810 11.3412 41.8486  
34.0140 10.6695 -71.4133  
34.0470 9.5766 -61.5078  
34.0810 8.4010 -69.7080  
34.1140 7.0537 -71.7130  
34.1470 5.6908 -66.9504  
34.1800 4.0106 -58.4859  
34.2140 2.5290 -22.0188  
34.2470 1.0868 -22.4835  
34.2800 -0.3591 -34.2152  
34.3140 -2.0457 -28.9304  
34.3470 -3.5581 -18.6374  
34.3810 -4.9239 -16.5824  
34.4140 -6.0834 -9.2925  
34.4800 -7.0008 0.8182  
34.5140 -7.6720 7.4309  
34.5470 -8.0992 15.4697  
34.5810 -8.3903 17.9907  
34.6140 -8.5157 27.7518  
34.6470 -8.4199 32.8079  
34.6810 -8.1034 35.9605  
34.7140 -7.6787 14.1597  
34.7470 -7.0513 44.3551  
34.7800 -6.1880 62.1913  
34.8140 -5.1227 60.9952  
34.8470 -3.8606 67.2762  
34.8810 -2.4271 65.4484  
34.9130 -0.9710 26.1736  
34.9470 0.5498 45.9624  
34.9810 1.9326 -8.7481  
35.0140 3.3162 37.2753  
35.0470 4.7558 31.1587  
35.0810 6.4811 127.0647  
35.1140 7.9805 -6.2762  
35.1470 9.0791 -58.5721  
35.2150 10.3623 59.7815  
35.2470 10.9222 -156.4727  
35.2800 11.7125 95.1767  
35.3140 11.9039 -130.1831  
35.3480 12.0319 -27.3702  
35.3810 11.9133 -37.4881  
35.4140 11.5927 -30.0140  
35.4480 10.8119 -8.3214  
35.4810 9.8940 -47.7981  
35.5140 8.9718 -59.8936  
35.5470 7.4075 -71.3950  
35.5810 6.1106 -68.5988  
35.6140 4.2445 -77.3242  
35.6470 2.7659 -16.6773  
35.6810 1.3337 -13.7646  
35.7140 -0.0980 -37.2858  
35.7480 -1.5291 -28.9812  
35.7810 -3.0138 -24.8245  
35.8140 -4.4075 -20.2168  
35.8480 -5.6444 -12.0203  
35.8850 -6.5621 22.6029  
35.9140 -7.5823 -115.7661  
35.9480 -8.0899 75.7153  
35.9800 -8.4967 14.2931  
36.0140 -8.7955 18.0003  
36.0470 -8.8898 24.6832  
36.0800 -8.7876 29.6839  
36.1140 -8.4811 35.9860  
36.1470 -8.0950 3.9309  
36.1810 -7.5557 33.0186  
36.2140 -6.8747 68.3059  
36.2470 -5.6507 62.7799  
36.2810 -4.4456 70.1859  
36.3130 -3.0807 64.1980  
36.3470 -1.5728 60.0648  
36.3800 -0.1014 13.6312  
36.4140 1.3347 18.4573  
36.4480 2.7180 20.4062  
36.4800 4.1909 32.0948  
36.5140 5.6281 22.5030  
36.5470 7.3225 146.2255  
36.5800 8.4401 -111.9887  
36.6140 9.8975 170.1335  
36.6470 10.9381 -64.0646  
36.6800 11.4036 -112.3807  
36.7140 12.1423 93.5834  
36.7470 12.3761 -133.9668  
36.7800 12.4635 -23.3486  
36.8140 12.3347 -33.3943  
36.8480 12.0059 -36.3209  
36.8800 11.3480 47.9705  
36.9140 10.7910 -79.0277  
36.9480 9.4486 -60.8813  
36.9810 8.0833 -70.9910  
37.0140 6.8511 -72.0489  
37.0470 5.0935 -62.7757  
37.0800 3.6125 -50.1772  
37.1140 2.1798 -8.4279  
37.1470 0.7480 -34.1511  
37.1810 -0.6692 -32.0401  
37.2140 -2.3320 -27.9039  
37.2470 -3.7877 -18.6374  
37.2810 -5.0927 -16.5824  
37.3140 -6.1888 -7.6561  
37.3800 -7.0470 0.0000  
37.4150 -7.6626 10.1374  
37.4470 -8.0515 19.1357  
37.4810 -8.3301 23.9691  
37.5150 -8.4084 25.7862  
37.5470 -8.2655 35.0720  
37.5810 -7.9185 32.9446  
37.6150 -7.4815 8.4073  
37.6480 -6.8260 49.0932  
37.6850 -5.9236 59.9311  
37.7150 -4.7977 74.4597  
37.7480 -3.5014 62.4036  
37.7970 -2.0437 45.4424  
37.8130 -0.4970 106.5568  
37.8470 0.9882 7.6720  
37.8800 2.5795 66.1897  
37.9140 3.9530 -31.1074  
37.9480 5.3849 25.5548  
37.9810 7.1702 156.2001  
38.0140 8.6057 -38.8131  
38.0470 10.1110 88.8615  
38.1140 11.1616 -37.1453  
38.1470 11.6666 -97.8379  
38.1810 12.2687 78.7224  
38.2140 12.4279 -126.3349  
38.2470 12.2757 -28.1745  
38.2800 12.1056 -37.4588  
38.3140 11.9656 34.3848  
38.3470 11.0917 -66.1809  
38.3810 10.1579 -55.2839  
38.4140 8.7104 -66.8124  
38.4470 7.2751 -71.7197  
38.4820 5.9555 -59.1648  
38.5130 4.1799 -60.8032  
38.5470 2.7019 -35.0564  
38.5810 1.2699 -13.8425  
38.6150 -0.1477 -32.0816  
38.6470 -1.7741 -28.7493  
38.6810 -3.2640 -24.1004  
38.7140 -4.6327 -20.2050  
38.7470 -5.8116 -9.2897  
38.7800 -6.8407 -26.3667  
38.8140 -7.7735 -32.5470  
38.8470 -8.2997 66.0940  
38.8810 -8.6658 12.0134  
38.9130 -8.9135 22.3040  
38.9480 -8.9605 26.1660  
38.9810 -8.8175 29.7168  
39.0140 -8.4702 37.0566  
39.0480 -8.0267 8.6963  
39.0800 -7.3977 48.3802  
39.1140 -6.5022 52.8184  
39.1480 -5.2733 65.4957  
39.1810 -4.0545 63.0165  
39.2140 -2.6533 67.6519  
39.2470 -1.1908 40.2161  
39.2800 0.3458 50.2064  
39.3140 1.8698 25.1532  
39.3480 3.2430 -8.4060  
39.3810 4.6791 28.0221  
39.4140 6.4215 139.7223  
39.4480 7.9761 -2.4048  
39.4810 9.3489 12.3802  
39.5140 10.6131 30.1284  
39.5470 11.6167 -11.3207  
39.5810 12.0802 -119.8468  
39.6150 12.6556 81.6758  
39.6480 12.7457 -121.1769  
39.6810 12.7816 -25.0700  
39.7310 12.6013 -24.7488  
39.7460 11.9657 3.8431  
39.7810 11.2858 -14.9625  
39.8140 10.3203 -74.2108  
39.8470 9.0685 -56.5953  
39.8810 7.6185 -69.2842  
39.9140 6.3542 -67.2237  
39.9470 4.5896 -67.4459  
39.9810 3.1010 -36.4328  
40.0130 1.6687 -8.2834  
40.0470 0.2370 -36.1825  
40.0800 -1.2887 -26.7712  
40.1140 -2.8542 -27.0962  
40.1480 -4.2314 -16.6316  
40.1810 -5.4729 -15.4740  
40.2140 -6.4472 9.5511  
40.2480 -7.5972 -116.8819  
40.2850 -8.1635 97.5673  
40.3140 -8.5705 12.2510  
40.3480 -8.8897 18.0052  
40.3810 -9.0045 24.6893  
40.4140 -8.9330 29.6731  
40.4470 -8.6571 33.9961  
40.4810 -8.2026 35.9257  
40.5150 -7.6838 3.8932  
40.5480 -6.9602 71.5760  
40.5810 -5.6476 58.0925  
40.6180 -4.4723 60.4599  
40.6470 -3.1269 70.8946  
40.6810 -1.6224 64.7981  
40.7140 0.0385 72.1026  
40.7470 1.5454 -17.0245  
40.7810 2.9284 -3.4021  
40.8140 4.2920 31.1047  
40.8480 5.7292 25.5366  
40.8810 7.2868 108.0670  
40.9140 8.4225 -69.7590  
40.9480 9.8856 162.0832  
40.9800 10.9360 -64.7055  
41.0140 11.6068 -46.8579  
41.0480 11.9787 -17.9248  
41.0820 12.1624 -71.8720  
41.1140 12.2703 -27.2989  
41.1480 12.1724 -30.3626  
41.1810 11.9696 -5.4428  
41.2140 11.3537 -17.1470  
41.2480 10.8231 -42.5922  
41.2810 9.5196 -67.2299  
41.3140 8.2033 -66.6368  
41.3480 6.8092 -69.7326  
41.3810 5.2809 -59.1219  
41.4140 3.8181 -54.2149  
41.4470 2.3156 -38.5055  
41.4810 0.8837 -9.5792  
41.5140 -0.6431 -34.2152  
41.5470 -2.2014 -26.7036  
41.5810 -3.6867 -21.1014  
41.6140 -4.9963 -13.9892  
41.6470 -6.1268 -12.3881  
41.7310 -7.0149 0.6429  
41.7460 -7.6724 23.6539  
41.7800 -8.0999 15.0105  
41.8140 -8.3291 20.9810  
41.8470 -8.4341 27.7388  
41.8810 -8.3179 31.8635  
41.9140 -7.9812 40.1211  
41.9470 -7.5728 -0.0517  
41.9800 -6.9241 58.8725  
42.0140 -6.0308 59.8853  
42.0470 -4.9354 62.9139  
42.0800 -3.6687 62.6291  
42.1140 -2.2180 69.1640  
42.1480 -0.6547 54.0611  
42.1800 0.9265 34.2237  
42.2140 2.3094 -26.4744  
42.2470 3.6727 34.1825  
42.2810 5.1231 25.5640  
42.3140 6.7415 109.8095  
42.3470 8.1019 -16.4897  
42.3810 9.4148 47.0760  
42.4470 10.4498 -10.7899  
42.4800 10.9720 -84.1450  
42.5140 11.5301 64.6311  
42.5480 11.6200 -105.4849  
42.5800 11.7069 -29.0635  
42.6140 11.5574 -36.3664  
42.6470 11.2079 -34.2515  
42.6810 10.5356 11.6096  
42.7140 9.7062 -64.0616  
42.7470 8.5102 -62.6295  
42.7810 7.1495 -69.3517  
42.8140 5.8643 -61.2683  
42.8470 4.1221 -71.9004  
42.8810 2.6100 -37.8252  
42.9140 1.1881 -0.8278  
42.9480 -0.2193 -32.1029  
42.9810 -1.6260 -34.0658  
43.0170 -3.1440 -19.9138  
43.0470 -4.5070 -18.8352  
43.0810 -5.7042 -12.0168  
43.1140 -6.8489 -55.5532  
43.1470 -7.8920 -30.4521  
43.1810 -8.3985 88.0174  
43.2140 -8.7306 13.8869  
43.2470 -8.9988 18.5359  
43.2810 -9.0764 23.9455  
43.3140 -8.9400 30.7767  
43.3470 -8.6132 35.9921  
43.3840 -8.1780 14.0292  
43.4140 -7.6410 20.2849  
43.4480 -6.6731 72.8440  
43.4810 -5.3981 62.5704  
43.5140 -4.1846 72.0827  
43.5470 -2.8105 62.5494  
43.5810 -1.3003 58.0150  
43.6140 0.2805 46.0601  
43.6470 1.6495 -33.4091  
43.6810 3.0226 36.1510  
43.7140 4.4309 26.3774  
43.7470 5.8499 21.7154  
43.7810 7.5585 158.0064  
43.8150 8.8182 -71.3027  
43.8410 9.9528 43.3669  
43.8800 10.9444 16.2650  
43.9140 11.3983 -100.1361  
43.9470 11.9763 83.6831  
43.9810 12.2431 -123.9603  
44.0140 12.2996 -26.4901  
44.0480 12.1556 -33.3758  
44.0810 11.9996 18.0802  
44.1140 11.2680 -11.6273  
44.1480 10.4687 -91.1968  
44.1810 9.3909 -50.2479  
44.2130 8.0146 -73.4409  
44.2480 6.7565 -63.5106  
44.2810 5.0078 -64.9995  
44.3140 3.5575 -37.2713  
44.3480 2.0553 -40.9738  
44.3800 0.6373 -9.1689  
44.4150 -0.9527 -32.0917  
44.4470 -2.5862 -25.5815  
44.4810 -3.9765 -19.6570  
44.5140 -5.2520 -15.4697  
44.5470 -6.3076 -4.5756  
44.6130 -7.1308 1.5398  
44.6470 -7.7039 10.4633  
44.6810 -8.1029 15.0022  
44.7140 -8.2710 27.7720  
44.7470 -8.3184 27.7138  
44.7800 -8.1449 32.8727  
44.8140 -7.8944 -1.4302  
44.8480 -7.4386 40.7312  
44.8810 -6.7535 54.0013  
44.9140 -5.8315 67.2385  
44.9470 -4.6961 67.7128  
44.9810 -3.3906 60.5178  
45.0140 -1.9501 56.3672  
45.0470 -0.3455 77.5029  
45.0800 1.2124 13.5507  
45.1140 2.5750 -25.5357  
45.1480 4.0451 30.1732  
45.1810 5.4635 26.3291  
45.2140 7.1651 139.8031  
45.2470 8.3066 -102.4857  
45.2810 9.7704 160.5158  
45.3140 10.8781 -45.5553  
45.3470 11.5330 -80.8692  
45.3810 12.1291 57.9554  
45.4140 12.4862 -58.8637  
45.4500 12.6250 -84.7803  
45.4800 12.5579 -34.4207  
45.5070 12.2804 -45.7599  
45.5480 11.6514 26.7957  
45.5810 11.1251 -71.3541  
45.6140 9.8802 -52.3732  
45.6470 8.5644 -67.0673  
45.6810 7.2795 -69.3703  
45.7140 5.6078 -57.5336  
45.7470 3.9118 -66.2150  
45.7840 2.5097 -3.0411  
45.8140 1.0983 -37.5415  
45.8480 -0.2987 -32.0816  
45.8810 -1.9077 -30.9792  
45.9140 -3.3482 -20.2890  
45.9480 -4.6771 -18.0052  
45.9810 -5.8101 -7.6865  
46.0480 -6.7019 0.7882  
46.0810 -7.3786 7.6332  
46.1130 -7.8012 11.1617  
46.1470 -8.1411 20.9810  
46.1800 -8.2769 27.7388  
46.2140 -8.1920 32.8352  
46.2470 -8.0168 -3.6281  
46.2810 -7.6492 36.8930  
46.3140 -7.0484 52.1093  
46.3470 -6.2108 64.0824  
46.3810 -5.1707 61.1285  
46.4140 -3.9194 71.6283  
46.4470 -2.5004 61.6310  
46.4840 -0.9934 43.0533  
46.5140 0.5903 56.0761  
46.5470 1.9494 -34.2166  
46.5810 3.4332 33.1596  
46.6140 4.8841 28.0303  
46.6480 6.5857 124.3236  
46.6810 8.0658 -3.0523  
46.7140 9.4746 41.3918  
46.7470 10.2590 -117.5916  
46.7810 11.2614 123.9530  
46.8140 11.6664 -132.7870  
46.8470 12.0956 58.3180  
46.8810 12.3064 -97.4533  
46.9140 12.3114 -28.1911  
46.9470 12.1105 -34.3594  
46.9810 11.3878 -29.1312  
47.0140 10.7240 14.7737  
47.0470 9.7127 -63.9062  
47.0800 8.8679 -67.1328  
47.1140 7.3803 -65.1121  
47.1480 6.1102 -64.9132  
47.1800 4.4230 -70.2097  
47.2130 2.9191 -44.8461  
47.2480 1.4971 -3.1700  
47.2800 0.0794 -34.1209  
47.3140 -1.3415 -30.0481  
47.3470 -2.8828 -21.7134  
47.3810 -4.2800 -19.6453  
47.4140 -5.4965 -12.3774  
47.4480 -6.4938 -0.6584  
47.4800 -7.5498 -87.2880  
47.5140 -8.0943 84.3480  
47.5480 -8.4400 14.9282  
47.5840 -8.7185 15.6220  
47.6140 -8.7961 30.5270  
47.6370 -8.6802 39.7378  
47.6810 -8.3841 24.6799  
47.7140 -7.9899 9.4623  
47.7480 -7.4678 25.6234  
47.7810 -6.7065 71.7908  
47.8140 -5.4438 67.2937  
47.8470 -4.2600 63.0063  
47.8810 -2.9057 65.0867  
47.9140 -1.4530 46.8273  
47.9470 -0.0555 11.0447  
47.9840 1.4429 51.9634  
48.0140 2.8159 -5.5811  
48.0480 4.2501 27.1823  
48.0810 5.6899 28.0816  
48.1130 7.2738 119.0716  
48.1470 8.5355 -29.4651  
48.1810 9.7738 54.2878  
48.2140 10.8081 5.2441  
48.2470 11.2981 -118.1171  
48.2810 11.7000 -15.1976  
48.3140 11.8535 -17.0097  
48.3470 11.9306 -28.2255  
48.3810 11.8017 -33.3850  
48.4140 11.6529 22.0315  
48.4470 11.0941 -8.7890  
48.4800 10.3758 -78.6664  
48.5140 9.2535 -64.5507  
48.5470 7.8939 -66.6627  
48.5810 6.6868 -69.7809  
48.6140 5.3254 -62.4438  
48.6470 3.8758 -43.6938  
48.6840 2.4287 -24.5404  
48.7130 1.0174 -26.7515  
48.7470 -0.5653 -29.0452  
48.7810 -2.2110 -27.0705  
48.8140 -3.6539 -17.1871  
48.8470 -4.9283 -15.4568  
48.8810 -6.1916 -61.4462  
48.9480 -7.0342 27.3883  
48.9810 -7.6402 9.2309  
49.0140 -8.0357 20.1046  
49.0470 -8.2692 21.5951  
49.0810 -8.3336 26.8987  
49.1150 -8.2009 28.9090  
49.1480 -7.8541 37.0200  
49.1810 -7.4423 2.4967  
49.2140 -6.7697 63.5628  
49.2470 -5.6993 57.2587  
49.2800 -4.5890 67.6757  
49.3140 -3.3034 60.5428  
49.3470 -1.8913 58.4059  
49.3840 -0.5536 -0.8290  
49.4140 0.9645 90.6323  
49.4470 2.4357 15.5513  
49.4800 3.7786 -1.8419  
49.5140 5.2059 27.2221  
49.5470 6.6994 83.6284  
49.5810 7.8351 -49.6421  
49.6150 9.2054 134.6773  
49.6800 10.2411 -19.8145  
49.7170 10.9134 -46.1146  
49.7470 11.3643 -74.8189  
49.7800 11.4663 -23.3284  
49.8140 11.4034 -33.4133  
49.8470 11.2333 -34.3241  
49.8800 11.0077 11.2230  
49.9140 10.3279 -52.4183  
49.9480 9.6719 -42.6560  
49.9800 8.3445 -66.6978  
50.0140 6.9240 -65.2775  
50.0470 5.4530 -66.9741  
50.0800 4.0244 -55.2075  
50.1150 2.5490 -35.3456  
50.1460 1.1478 -12.7094  
50.1800 -0.2492 -32.0922  
50.2150 -1.7650 -23.3567  
50.2480 -3.1845 -24.8184  
50.2810 -4.5052 -14.0434  
50.3140 -5.6381 -7.7321  
50.3470 -6.6668 -35.6751  
50.3810 -7.3626 32.8960  
50.4150 -7.8703 1.7299  
50.4510 -8.1982 15.5867  
50.4800 -8.4358 17.5657  
50.5140 -8.4727 26.9229  
50.5480 -8.3162 32.8352  
50.5800 -7.9691 33.9827  
50.6140 -7.5411 10.1647  
50.6480 -6.9852 30.0999  
50.6800 -6.0887 69.6619  
50.7140 -5.0986 60.4285  
50.7470 -3.8756 72.3357  
50.7800 -2.5172 58.0384  
50.8140 -1.1136 28.2915  
50.8470 0.2527 16.4411  
50.8810 1.7046 57.9901  
50.9140 3.0472 -0.1659  
50.9470 4.5837 69.2546  
50.9810 5.9481 -20.5395  
51.0140 7.4507 109.4198  
51.0470 8.6339 -34.4953  
51.0800 9.5744 -1.2365  
51.1140 10.5352 62.3270  
51.1490 11.0332 -104.7689  
51.1800 11.6921 69.4074  
51.2140 11.8204 -98.0484  
51.2470 11.8459 -31.3282  
51.2810 11.5295 -33.3489  
51.3150 11.2799 -0.9040  
51.3470 10.5695 -31.1488  
51.3810 9.8272 -42.8496  
51.4140 8.8695 -66.5246  
51.4470 7.4791 -66.9021  
51.4810 6.2335 -65.2457  
51.5140 4.5374 -71.3434  
51.5470 3.0689 -32.0220  
51.5810 1.6674 -10.7047  
51.6130 0.2666 -35.2306  
51.6470 -1.2298 -29.0128  
51.6810 -2.7084 -24.0767  
51.7140 -4.0979 -17.1613  
51.7470 -5.3189 -15.4653  
51.7810 -6.2417 22.7748  
51.8140 -7.2792 -101.9783  
51.8470 -7.8170 80.0783  
51.8810 -8.2135 10.4912  
51.9140 -8.5124 18.5359  
51.9470 -8.6172 24.6712  
51.9810 -8.5319 26.8871  
52.0130 -8.2561 33.9231  
52.0470 -7.8906 9.7650  
52.0810 -7.3474 37.2405  
52.1140 -6.7056 53.3425  
52.1470 -5.5054 67.2291  
52.1810 -4.3606 61.4452  
52.2140 -3.0458 62.3013  
52.2480 -1.6419 44.2100  
52.2800 -0.1536 51.7944  
52.3140 1.1948 -14.2277  
52.3480 2.5473 33.1098  
52.3730 3.9692 41.0468  
52.4150 5.3467 19.5972  
52.4480 6.8431 89.3370  
52.4810 7.9299 -56.8615  
52.5150 9.1700 106.5050  
52.5470 10.2320 8.6026  
52.5810 10.9441 -58.6870  
52.6140 11.2551 -71.3363  
52.6470 11.5583 -17.0215  
52.6810 11.6558 -27.3869  
52.7140 11.5579 -28.1425  
52.7470 11.2580 -36.2278  
52.7810 10.6826 5.6461  
52.8140 10.1651 -39.2976  
52.8480 9.0418 -71.6726  
52.8810 7.7139 -53.6630  
52.9140 6.3484 -71.8457  
52.9470 5.0151 -61.5968  
52.9800 3.5720 -50.2618  
53.0140 2.1908 -9.2264  
53.0470 0.7795 -37.2403  
53.0810 -0.6111 -29.0562  
53.1140 -2.1128 -27.8844  
53.1470 -3.5518 -20.2890  
53.1840 -4.7982 -13.7858  
53.2130 -5.8929 -8.7640  
53.2810 -6.7505 0.0000  
53.3140 -7.3642 12.3062  
53.3470 -7.7660 13.9412  
53.3810 -8.0753 17.9723  
53.4140 -8.1703 27.7261  
53.4470 -8.0581 32.8507  
53.4800 -7.7341 36.2681  
53.5140 -7.3339 2.7579  
53.5470 -6.6887 58.7757  
53.5810 -5.8313 54.9144  
53.6140 -4.7663 62.9139  
53.6470 -3.5205 67.1193  
53.6810 -2.1195 59.1443  
53.7140 -0.7819 -0.6557  
53.7470 0.7088 74.0853  
53.7810 2.0610 -8.8224  
53.8140 3.3961 31.0626  
53.8470 4.8143 28.0303  
53.8840 6.1047 17.8883  
53.9130 7.5013 100.9909  
53.9470 8.9573 78.5353  
54.0140 10.1078 -12.5468  
54.0470 10.6285 -129.8812  
54.0810 11.1057 -13.4483  
54.1140 11.2555 -25.1091  
54.1470 11.3320 -31.3006  
54.1810 11.1866 -35.1380  
54.2140 11.0248 23.0825  
54.2380 10.6669 -54.1647  
54.2810 9.7996 -50.3486  
54.3140 8.4456 -66.5467  
54.3470 6.9547 -66.9847  
54.3810 5.6802 -62.4006  
54.4150 4.2593 -56.5285  
54.4470 2.7950 -39.4376  
54.4810 1.4040 -8.8209  
54.5140 0.0131 -36.1798  
54.5470 -1.5460 -27.8658  
54.5810 -3.0467 -21.0747  
54.6140 -4.3875 -17.1484  
54.6470 -5.5393 -9.2792  
54.6800 -6.6107 -42.6179  
54.7140 -7.5285 -17.2253  
54.7470 -8.0498 61.9122  
54.7800 -8.3990 13.9140  
54.8140 -8.6469 20.9756  
54.8470 -8.6940 24.6538  
54.8810 -8.5612 25.8649  
54.9140 -8.2346 37.0502  
54.9470 -7.7959 16.7931  
54.9800 -7.2347 27.8275  
55.0140 -6.3259 60.8969  
55.0470 -5.1511 62.8270  
55.0810 -3.9579 65.5296  
55.1140 -2.6042 62.5494  
55.1470 -1.1903 39.8587  
55.1810 0.1620 5.7858  
55.2140 1.5039 23.5053  
55.2470 2.8361 34.1297  
55.2810 4.2053 27.1746  
55.3140 5.5754 28.0728  
55.3500 6.7838 12.6303  
55.3800 8.0570 90.6779  
55.4140 9.3075 58.8668  
55.4470 10.3119 -12.0186  
55.4800 10.7790 -122.9539  
55.5140 11.4333 60.8242  
55.5470 11.6953 -95.3543  
55.5810 11.7517 -27.3702  
55.6140 11.6022 -34.3685  
55.6470 11.3459 -4.2987  
55.6800 10.9736 -21.3981  
55.7140 10.1847 -42.4859  
55.7470 8.9614 -70.9876  
55.7810 7.5723 -60.4402  
55.8140 6.3667 -67.3597  
55.8470 4.7335 -66.8911  
55.8810 3.2901 -36.7461  
55.9140 1.8195 -36.4304  
55.9480 0.4289 -9.8266  
55.9810 -1.0360 -26.8180  
56.0140 -2.5224 -27.8908  
56.0510 -3.9210 -15.3290  
56.0800 -5.1363 -17.5888  
56.1140 -6.1171 8.5507  
56.1470 -7.2807 -122.7345  
56.1800 -7.8526 112.3779  
56.2140 -8.2691 8.9544  
56.2470 -8.4991 20.1287  
56.2800 -8.6243 21.5846  
56.3140 -8.5697 26.8871  
56.3470 -8.3144 32.8951  
56.3800 -7.8905 33.9222  
56.4140 -7.3685 13.8473  
56.4470 -6.6953 54.6313  
56.4810 -5.4283 55.5358  
56.5150 -4.3234 61.3719  
56.5400 -3.0433 82.3042  
56.5810 -1.6386 46.5638  
56.6150 -0.2045 29.6125  
56.6470 1.1337 -1.3977  
56.6810 2.4657 30.0889  
56.7150 3.7883 30.1650  
56.7480 5.1461 24.9268  
56.7820 6.6405 93.2016  
56.8140 7.9354 -3.3148  
56.8480 9.3463 95.4766  
56.8810 10.4923 -17.9227  
56.9190 11.1798 -70.4178  
56.9470 11.5449 -79.1789  
56.9820 11.8687 -13.0881  
57.0140 11.9970 -29.1076  
57.0470 11.9196 -31.2739  
57.0810 11.6507 -32.1224  
57.1150 10.9616 -30.3692  
57.1470 10.1766 -33.3245  
57.1810 8.9698 -28.5389  
57.2150 7.6165 -60.5169  
57.2480 6.3089 -67.2146  
57.2800 5.0256 -61.7026  
57.3140 3.5886 -58.6819  
57.3470 2.2072 -11.3639  
57.3810 0.8267 -30.1111  
57.4140 -0.5538 -33.0647  
57.4470 -1.9230 -27.8719  
57.4810 -3.2572 -21.0799  
57.5140 -4.5407 -14.0434  
57.5470 -5.6440 -7.7321  
57.6140 -6.6964 -25.5162  
57.6470 -7.3601 57.9570  
57.6810 -7.7681 16.5284  
57.7140 -8.0673 21.5951  
57.7470 -8.1829 24.6371  
57.7800 -8.0879 30.7396  
57.8140 -7.7921 32.0068  
57.8470 -7.3958 8.7309  
57.8810 -6.8062 43.2280  
57.9140 -5.9843 62.6846  
57.9470 -4.7686 67.4813  
57.9810 -3.5376 60.7870  
58.0170 -2.1551 57.6970  
58.0470 -0.7638 26.6641  
58.0810 0.5743 8.2531  
58.1140 1.9131 30.9792  
58.1480 3.2456 30.1411  
58.1810 4.6417 28.0221  
58.2140 5.9733 24.9732  
58.2480 7.1434 13.3484  
58.2800 8.2878 61.5536  
58.3500 9.4025 25.2893  
58.3800 9.9418 -122.5876  
58.4140 10.3391 -18.2150  
58.4470 10.6418 -20.1932  
58.4800 10.7389 -31.3097  
58.5140 10.6304 -30.3052  
58.5470 10.4697 12.1731  
58.5810 10.0898 -40.2181  
58.6140 9.4824 -55.2093  
58.6470 8.4695 -63.1570  
58.6810 7.0733 -60.6906  
58.7170 5.8307 -59.4964  
58.7470 4.4338 -72.0667  
58.7810 3.0573 -13.5947  
58.8130 1.6764 -33.6424  
58.8490 0.2894 -30.3504  
58.8780 -1.2400 -35.2139  
58.9140 -2.7042 -19.8943  
58.9480 -4.0429 -16.6690  
58.9810 -5.2242 -15.4611  
59.0140 -6.2089 -2.9589  
59.0470 -7.2776 -90.3483  
59.0810 -7.8069 95.0501  
59.1150 -8.2543 10.5191  
59.1480 -8.5226 21.6112  
59.1820 -8.6105 20.9400  
59.2140 -8.4948 31.7253  
59.2520 -8.1988 28.5967  
59.2810 -7.7240 42.0896  
59.3140 -7.2168 -5.6330  
59.3470 -6.4536 74.6102  
59.3800 -5.1850 62.8109  
59.4140 -4.0317 61.1532  
59.4470 -2.7077 62.5620  
59.4800 -1.3465 32.8648  
59.5140 0.0798 40.0868  
59.5480 1.4080 1.0246  
59.5800 2.7402 35.1876  
59.6140 4.0530 30.1898  
59.6470 5.4609 23.2053  
59.6810 6.9703 102.2646  
59.7140 8.0273 -74.2659  
59.7470 9.2795 122.1246  
59.7800 10.4396 34.6883  
59.8140 10.9802 -150.3321  
59.8480 11.3225 -18.2276  
59.8800 11.6051 -17.5656  
59.9140 11.6821 -27.3785  
59.9510 11.5429 -30.6613  
59.9800 11.2385 -30.5672  
60.0140 10.7103 36.4443  
60.0470 10.1842 -73.6481  
60.0800 9.0333 -67.1998  
60.1140 7.5478 -64.7277  
60.1470 6.3511 -67.3954  
60.1810 4.9955 -64.9454  
60.2140 3.5741 -36.9861  
60.2470 2.1694 -23.1488  
60.2810 0.7890 -26.2121  
60.3140 -0.6015 -29.9367  
60.3470 -2.2080 -27.8844  
60.3810 -3.6282 -16.6942  
60.4140 -4.8776 -15.4527  
60.4470 -5.9324 -7.7169  
60.5130 -6.7648 0.0000  
60.5470 -7.3257 14.9241  
60.5810 -7.7184 13.5578  
60.6140 -7.9634 21.5898  
60.6470 -8.0280 27.7078  
60.6800 -7.8923 30.7281  
60.7140 -7.5455 35.0217  
60.7480 -7.1428 -0.2507  
60.7810 -6.4995 57.4622  
60.8140 -5.6228 62.9979  
60.8470 -4.5376 63.1921  
60.8810 -3.3085 57.2615  
60.9140 -2.0455 24.2206  
60.9470 -0.6783 53.1723  
60.9800 0.7899 58.3217  
61.0130 2.1289 -8.4195  
61.0480 3.4617 32.2292  
61.0750 4.8673 26.6538  
61.1140 6.3578 70.4056  
61.1480 7.4834 -46.1987  
61.1810 9.0078 184.0552  
61.2480 10.0445 -43.7299  
61.2810 10.9412 -18.2345  
61.3140 11.3542 -93.3666  
61.3470 11.4754 -30.1432  
61.3810 11.5210 -30.3626  
61.4150 11.3407 -33.3063  
61.4520 11.1722 22.6498  
61.4800 10.5663 -58.1383  
61.5150 9.9059 -60.4285  
61.5470 8.4245 -66.7765  
61.5810 7.0143 -65.2574  
61.6130 5.4595 -63.9674  
61.6470 3.9920 -64.9266  
61.6810 2.6208 -0.9692  
61.7140 1.2402 -34.1181  
61.7470 -0.1364 -33.0757  
61.7800 -1.6784 -24.7668  
61.8140 -3.1248 -19.7402  
61.8470 -4.4208 -18.5310  
61.8810 -5.5288 -7.5195  
61.9140 -6.7427 -99.3711  
61.9470 -7.5478 61.8756  
61.9800 -7.9983 40.5708  
62.0140 -8.3994 13.5312  
62.0480 -8.6167 20.9651  
62.0800 -8.6537 22.2385  
62.1140 -8.4973 32.8287  
62.1510 -8.1650 29.4010  
62.1810 -7.6737 32.6148  
62.2140 -7.1123 13.4978  
62.2470 -6.0011 67.2519  
62.2800 -4.8878 62.4999  
62.3140 -3.7000 61.2853  
62.3470 -2.3518 62.5438  
62.3800 -1.0343 12.3133  
62.4140 0.4739 77.0143  
62.4470 1.7922 -23.7364  
62.4800 3.1041 31.0308  
62.5140 4.4208 30.1983  
62.5480 5.7593 19.4991  
62.5810 6.9373 18.6460  
62.6140 8.2450 101.7770  
62.6470 9.1567 -56.8525  
62.6810 10.1678 89.9437  
62.7150 10.7007 -128.7114  
62.7480 10.9201 -15.6365  
62.7820 11.1512 -19.5993  
62.8140 11.1869 -29.0635  
62.8510 11.0066 -30.6369  
62.8800 10.6906 -23.9336  
62.9140 10.2837 -8.6168  
62.9480 9.3729 -49.4452  
62.9810 8.4440 -62.3064  
63.0140 7.0030 -62.5349  
63.0470 5.7786 -66.9652  
63.0810 4.3955 -61.8817  
63.1140 2.9686 -33.4241  
63.1470 1.5877 -14.2657  
63.1840 0.2109 -29.5403  
63.2130 -1.1885 -31.6825  
63.2480 -2.6505 -26.3032  
63.2800 -4.0012 -17.7109  
63.3130 -5.1870 -12.3671  
63.3470 -6.1043 18.2949  
63.3810 -7.1504 -102.8602  
63.4140 -7.6934 88.6572  
63.4480 -8.0904 10.5191  
63.4810 -8.3792 18.5263  
63.5150 -8.4773 23.9342  
63.5480 -8.3921 27.6903  
63.5810 -8.1063 32.9179  
63.6140 -7.7240 12.0559  
63.6480 -7.2123 26.0407  
63.6810 -6.5493 64.7025  
63.7140 -5.3410 59.2757  
63.7470 -4.2165 63.2728  
63.7820 -2.9221 58.7412  
