Tempo Angle omega x y
s degrees degrees/s  
0.0330 9.6725 43.9030  
0.0640 10.3121 -42.3111  
0.0970 10.5892 -26.0323  
0.1300 10.1964 -96.6833  
0.1640 9.4011 -81.9986  
0.1960 8.2408 -95.5764  
0.2300 6.6647 -90.2725  
0.2630 5.0097 -92.6252  
0.2960 3.1239 -72.8462  
0.3300 1.4132 33.4864  
0.3630 -0.5801 -40.4532  
0.3980 -2.5425 -28.6194  
0.4300 -4.4899 -22.1461  
0.4630 -6.1411 -6.9416  
0.4960 -7.5152 -0.5033  
0.5340 -8.5314 13.6948  
0.5630 -9.1544 29.7274  
0.5970 -9.3518 35.2963  
0.6300 -9.1590 45.3736  
0.6630 -9.0914 -3.3924  
0.6970 -8.6778 62.4614  
0.7300 -7.8026 109.5280  
0.7640 -6.5490 90.4593  
0.7970 -4.9816 88.1652  
0.8300 -3.1328 84.7589  
0.8620 -1.1239 66.2749  
0.9000 0.9060 28.2112  
0.9300 2.9404 41.5299  
0.9630 4.6198 -62.2060  
0.9960 6.4023 27.8505  
1.0300 7.9077 -19.0448  
1.0630 9.0097 -12.7171  
1.0970 9.9823 52.3981  
1.1300 10.5098 -46.7130  
1.1640 10.6723 -25.0775  
1.1970 10.3877 -71.2390  
1.2300 9.7190 -83.8926  
1.2630 8.6339 -88.4005  
1.2960 7.4585 -89.6043  
1.3300 5.8605 -97.2668  
1.3630 4.0862 -73.0408  
1.3960 2.1175 -71.6042  
1.4300 0.1196 43.8003  
1.4630 -1.8434 -36.1629  
1.4960 -3.8070 -25.9936  
1.5300 -5.5777 -12.4099  
1.5630 -7.4720 -121.3625  
1.5970 -8.6606 121.7785  
1.6310 -9.4822 20.9625  
1.6630 -9.8724 31.4754  
1.7000 -9.8815 37.8408  
1.7300 -9.7154 -20.3449  
1.7630 -9.4567 73.1607  
1.7970 -8.7731 89.8922  
1.8300 -7.6969 92.9864  
1.8640 -6.2561 94.7977  
1.8970 -4.1384 83.7719  
1.9300 -2.1434 88.3025  
1.9640 -0.1135 31.2240  
1.9850 1.9206 49.9216  
2.0300 3.6483 -36.9698  
2.0630 5.4888 15.6949  
2.0970 8.1638 316.4451  
2.1300 9.3231 -366.6805  
2.1640 10.3636 55.3096  
2.1970 10.9454 -41.3109  
2.2300 11.1421 -32.9407  
2.2650 10.8604 -53.4562  
2.2970 10.1943 -86.9230  
2.3300 9.1469 -83.7773  
2.3630 7.9590 -92.9759  
2.3960 6.4120 -93.1462  
2.4300 3.4971 -85.8741  
2.4660 1.5425 -69.3677  
2.4960 -0.4729 42.4215  
2.5300 -2.4408 -26.1429  
2.5630 -4.3904 -27.3681  
2.5970 -6.2138 -17.9328  
2.6300 -7.6255 40.4660  
2.6630 -8.9196 -48.1225  
2.6960 -9.8552 15.6502  
2.7300 -10.4023 23.8566  
2.7630 -10.5370 36.5050  
2.7970 -10.4280 -1.7874  
2.8290 -10.3490 30.4252  
2.8640 -9.9416 68.3969  
2.8970 -9.0964 105.3136  
2.9310 -7.8834 90.2520  
2.9630 -6.4982 95.5487  
2.9960 -4.6913 79.6482  
3.0300 -2.7010 69.1148  
3.0630 -0.7108 24.5926  
3.0960 1.2962 41.5658  
3.1300 3.1371 -50.6432  
3.1630 4.9547 22.4699  
3.1960 6.4777 -16.7632  
3.2340 7.6012 -13.6609  
3.2630 8.5688 52.0800  
3.2970 9.0722 -46.6349  
3.3300 9.2326 -24.2896  
3.3630 8.8862 -82.3315  
3.3960 8.1820 -83.8623  
3.4300 7.0484 -85.9617  
3.4640 5.7788 -90.6132  
3.4960 4.1306 -95.1449  
3.5290 2.2744 -79.8079  
3.5640 0.2348 -67.2267  
3.5970 -1.7275 69.1746  
3.6300 -3.6505 -36.0978  
3.6640 -5.5889 -28.1497  
3.6970 -7.2879 -9.7392  
3.7300 -9.0410 -100.2995  
3.7630 -10.1545 105.2904  
3.7970 -10.8828 22.6553  
3.8300 -11.1965 33.3673  
3.8630 -11.1070 42.3820  
3.8970 -10.9139 -38.7078  
3.9300 -10.6715 84.0908  
3.9640 -10.0042 89.9312  
3.9990 -8.9344 87.6529  
4.0300 -7.5114 103.5746  
4.0630 -5.4815 83.6126  
4.0850 -3.5063 133.0756  
4.1300 -1.5119 21.3832  
4.1640 0.4808 31.8667  
4.1970 2.2001 -40.4258  
4.2300 4.1033 15.8220  
4.2630 6.0764 105.2528  
4.2970 7.3679 -110.5087  
4.3300 8.5375 56.0244  
4.3640 9.2386 -43.3936  
4.3970 9.5926 -21.5435  
4.4300 9.4367 -65.7851  
4.4630 8.8949 -87.7812  
4.4960 7.9685 -83.7312  
4.5300 6.8676 -90.5591  
4.5630 5.3657 -105.6758  
4.5970 3.2834 -68.5701  
4.6300 1.3250 -76.3019  
4.6630 -0.6518 50.4600  
4.6970 -2.6054 -36.6060  
4.7290 -4.5879 -31.2081  
4.7640 -6.4204 -19.1704  
4.7970 -8.3317 -111.6700  
4.8300 -9.6077 108.7614  
4.8650 -10.5243 14.7469  
4.8970 -11.0014 28.3570  
4.9300 -11.1152 39.4334  
4.9640 -10.8133 48.2075  
4.9960 -10.7589 -25.3156  
5.0300 -10.3020 81.7847  
5.0630 -9.4237 97.4355  
5.0970 -8.1573 94.4357  
5.1300 -6.2447 84.1135  
5.1630 -4.4004 88.0930  
5.1970 -2.3906 63.8311  
5.2300 -0.4060 19.8803  
5.2630 1.5779 39.2205  
5.2970 3.2392 -46.7059  
5.3300 4.9464 -10.5895  
5.3630 6.5555 54.4917  
5.3970 7.6556 -55.1204  
5.4300 8.5570 37.0982  
5.4630 9.0331 -44.7775  
5.4960 9.1719 -14.1166  
5.5300 8.7740 -94.0275  
5.5630 8.0337 -83.8686  
5.5970 6.8857 -81.8381  
5.6330 5.6021 -81.7805  
5.6630 4.0326 -106.9569  
5.6970 2.0330 -73.6207  
5.7300 0.1125 -32.8035  
5.7630 -1.8309 30.1404  
5.7970 -3.7361 -32.2162  
5.8300 -5.6617 -20.2985  
5.8630 -7.3094 -12.6544  
5.8970 -8.6869 -1.9330  
5.9300 -9.7630 7.0107  
5.9630 -10.4636 24.5589  
5.9960 -10.7373 32.1472  
6.0300 -10.6112 43.9738  
6.0630 -10.4729 -29.1136  
6.0970 -10.2113 65.4965  
6.1300 -9.5065 101.1259  
6.1630 -8.4279 92.9768  
6.1970 -7.0153 85.9617  
6.2300 -5.3176 84.4073  
6.2630 -3.2960 105.1362  
6.2960 -1.5420 -56.4987  
6.3300 0.4175 91.6098  
6.3630 2.1176 -33.2859  
6.3990 4.0875 48.2677  
6.4360 6.2430 110.3353  
6.4500 7.4877 -412.2179  
6.4970 8.5776 32.3527  
6.5300 9.2402 -40.9104  
6.5630 9.5446 -24.1596  
6.5970 9.2931 -61.4547  
6.6300 8.9508 -83.9964  
6.6630 8.0199 -83.9683  
6.6970 6.9182 -82.5554  
6.7300 5.2808 -109.6881  
6.7640 2.9963 -70.2597  
6.7960 1.0522 -73.9356  
6.8310 -1.2342 -54.3814  
6.8640 -3.1487 71.8033  
6.8970 -5.0737 -27.3617  
6.9300 -6.8508 -18.4674  
6.9630 -8.5179 -50.6931  
6.9960 -9.7468 48.8352  
7.0300 -10.6337 18.0297  
7.0640 -11.0582 29.5423  
7.0960 -11.1233 37.6638  
7.1300 -10.7880 48.1723  
7.1630 -10.3441 -24.7834  
7.1970 -9.8312 90.0014  
7.2310 -8.9213 90.2071  
7.2640 -7.6281 97.6721  
7.2970 -5.8907 83.9194  
7.3300 -4.0353 84.6056  
7.3630 -2.0725 51.1065  
7.3970 -0.1135 28.4414  
7.4300 1.8508 38.1166  
7.4640 3.4785 -50.8406  
7.4970 5.0458 -43.0552  
7.5300 6.4587 45.9227  
7.5670 7.5126 -14.1306  
7.5970 8.3718 42.5442  
7.6300 8.7934 -48.7099  
7.6640 8.9167 -5.6036  
7.6970 8.5246 -105.0766  
7.7300 7.7713 -80.1443  
7.7630 6.5997 -88.6468  
7.7970 5.3068 -86.5145  
7.8300 3.8351 -97.2416  
7.8640 1.9789 -68.5063  
7.8970 -0.0549 -69.6670  
7.9300 -1.9985 65.9924  
7.9640 -3.8966 -33.8539  
7.9970 -5.8465 -21.5148  
8.0300 -7.4819 -9.7508  
8.0640 -9.0452 -56.5743  
8.0970 -10.0877 69.1471  
8.1300 -10.7743 18.7195  
8.1640 -11.0196 35.4197  
8.1970 -10.8872 43.8806  
8.2300 -10.6246 -30.2256  
8.2640 -10.3351 71.9740  
8.2970 -9.5968 101.1108  
8.3300 -8.4806 92.9907  
8.3530 -7.0253 133.4708  
8.3970 -5.1138 59.9444  
8.4300 -3.1417 87.5460  
8.4490 -1.3685 -72.2064  
8.4980 0.6251 69.5670  
8.5300 2.3156 -49.4891  
8.5640 4.1485 12.5720  
8.5970 6.0437 93.0074  
8.6300 7.2650 -103.0799  
8.6640 8.3580 52.4866  
8.6970 8.9951 -45.1066  
8.7300 9.2756 -28.1278  
8.7630 9.0404 -68.7097  
8.7970 8.6657 -81.3964  
8.8300 7.6585 -88.3909  
8.8630 6.5296 -84.8586  
8.8970 4.9951 -106.6997  
8.9300 2.9458 -63.0163  
8.9640 0.9822 -74.8169  
8.9970 -1.1763 -5.0011  
9.0300 -3.1079 23.6414  
9.0640 -5.0370 -26.5570  
9.0970 -6.8003 -18.4674  
9.1680 -8.2738 1.8379  
9.1970 -9.4039 17.8418  
9.2300 -10.1535 30.4429  
9.2640 -10.4101 38.2913  
9.2970 -10.5710 -34.0214  
9.3300 -10.2745 61.5236  
9.3640 -9.6556 89.9806  
9.3970 -8.8074 93.1196  
9.4300 -7.5617 93.1205  
9.4640 -5.9622 86.1013  
9.4970 -4.0865 87.6648  
9.5300 -2.1109 45.9470  
9.5640 -0.1399 28.1911  
9.5970 1.8221 36.7118  
9.6310 3.7112 -54.4424  
9.6980 5.4020 0.7099  
9.7310 6.9755 57.1363  
9.7640 8.1214 -36.4360  
9.7960 8.8029 -49.1013  
9.8310 9.1409 -14.4971  
9.8640 8.8641 -98.6621  
9.8960 8.1572 -86.9821  
9.9340 7.0758 -73.3484  
9.9630 5.5665 -105.7772  
9.9970 3.9340 -90.6920  
10.0300 2.0497 -74.8347  
10.0630 -0.2127 -57.4462  
10.0970 -2.1589 57.6347  
10.1300 -4.0575 -33.1875  
10.1640 -5.9723 -19.7079  
10.1970 -7.6793 -35.6708  
10.2310 -9.1546 -13.7264  
10.2640 -10.1832 50.9209  
10.2970 -10.8239 24.5725  
10.3200 -11.0454 48.1668  
10.3640 -10.8656 35.0909  
10.3970 -10.5756 -24.0405  
10.4150 -10.2625 121.6800  
10.4650 -9.4923 69.5218  
10.4970 -8.3482 95.9133  
10.5300 -6.7943 88.4669  
10.5640 -4.9171 81.3942  
10.5970 -2.9213 86.8641  
10.6300 -0.9668 12.0448  
10.6640 1.0209 42.3567  
10.7000 2.7016 -42.3923  
10.7300 4.4956 11.3117  
10.7640 6.0892 5.4870  
10.7970 7.2826 -15.9366  
10.8300 8.3123 43.4107  
10.8640 8.9202 -38.2165  
10.8970 9.1449 -32.2396  
10.9310 8.8509 -68.2723  
10.9640 8.2477 -81.6190  
10.9970 7.2086 -88.4669  
11.0300 6.0431 -84.5446  
11.0630 4.4940 -105.9878  
11.0970 2.7071 -64.4211  
11.1310 0.7316 -70.9516  
11.1640 -1.1988 57.0843  
11.1970 -3.1237 -37.7260  
11.2300 -5.0230 -24.4547  
11.2630 -6.7415 -15.5765  
11.2970 -8.8068 -181.2212  
11.3300 -9.9339 195.8729  
11.3640 -10.7220 17.6185  
11.3970 -11.0622 29.7297  
11.4300 -11.0469 41.3853  
11.4630 -10.6211 51.2760  
11.4970 -10.4420 -17.1572  
11.5310 -9.8396 87.8761  
11.5640 -8.8564 90.9509  
11.5970 -7.5351 86.8902  
11.6310 -5.3267 79.6547  
11.6640 -3.3988 110.9126  
11.6970 -1.5222 2.5847  
11.7300 0.3899 40.4925  
11.7640 2.2833 34.6603  
11.7970 3.8358 -52.0169  
11.8670 5.4373 -1.3201  
11.8970 6.9141 57.9788  
11.9300 7.9648 -38.1528  
11.9640 8.5871 -41.6699  
11.9970 8.8213 -35.5456  
12.0300 8.4402 -75.5320  
12.0640 7.7937 -75.5515  
12.0970 6.7138 -90.8195  
12.1300 5.2301 -86.6775  
12.1640 3.6305 -84.5803  
12.1970 1.7989 -73.0871  
12.2330 -0.4102 -56.5538  
12.2640 -2.2836 67.6869  
12.2970 -4.1129 -29.5767  
12.3300 -5.8938 -20.8841  
12.3640 -7.4474 -6.4549  
12.3970 -8.7467 -0.7896  
12.4300 -9.7491 -0.8263  
12.4510 -10.3371 61.0795  
12.4980 -10.5300 22.8975  
12.5300 -10.3356 45.6470  
12.5640 -10.0003 -18.4336  
12.5970 -9.6830 58.1167  
12.6310 -8.9127 104.5354  
12.6640 -7.7736 90.8974  
12.6970 -6.3409 82.2765  
12.7310 -4.6197 84.1249  
12.7640 -2.6911 62.0063  
12.7970 -0.8158 22.7235  
12.8300 1.0893 41.6267  
12.8640 2.7125 -39.9405  
12.8970 4.3983 -0.0307  
12.9310 5.9440 15.2138  
12.9640 7.0873 -14.2594  
12.9970 8.0398 33.0922  
13.0310 8.5809 -41.1432  
13.0630 8.7476 -27.6148  
13.0970 8.4884 -65.0794  
13.1310 7.8820 -80.0694  
13.1640 6.8664 -82.3480  
13.1970 5.7005 -86.7357  
13.2300 4.2202 -95.2815  
13.2630 2.4438 -74.0348  
13.2970 0.4873 -66.8274  
13.3310 -1.3817 57.8312  
13.3640 -3.2273 -35.2625  
13.3970 -5.0685 -25.4565  
13.4300 -6.7385 -15.1969  
13.4640 -8.4323 -87.0332  
13.4970 -9.5421 94.5979  
13.5310 -10.2999 19.3435  
13.5630 -10.6452 30.6648  
13.5970 -10.6095 40.1718  
13.6300 -10.4533 -32.3042  
13.6640 -10.2719 65.2196  
13.6970 -9.6755 90.5320  
13.7300 -8.6953 90.8262  
13.7640 -7.3783 84.2799  
13.7980 -5.4941 79.8180  
13.8300 -3.5970 101.5854  
13.8640 -1.6999 19.3429  
13.8970 0.2072 32.7566  
13.9310 2.0997 35.9033  
13.9640 3.9094 -57.4277  
14.0340 5.4881 -1.3198  
14.0630 6.9411 59.6990  
14.0970 7.9699 -36.6216  
14.1340 8.5660 -39.5061  
14.1620 8.7719 -42.4314  
14.1820 8.3787 -136.9800  
14.2310 7.6620 -52.6189  
14.2640 6.5510 -86.7181  
14.2970 5.0177 -90.9842  
14.3310 3.3861 -84.6428  
14.3640 1.5363 -68.9170  
14.3970 -0.6744 -56.9008  
14.4310 -2.5578 59.6319  
14.4640 -4.3833 -26.7353  
14.4970 -6.1554 -19.8237  
14.5310 -7.5509 30.1991  
14.5640 -8.8193 -39.6237  
14.5980 -9.7604 12.0738  
14.6300 -10.3033 30.6355  
14.6640 -10.4502 31.8317  
14.6970 -10.4099 -12.2222  
14.7300 -10.0714 33.4809  
14.7640 -9.7080 66.9547  
14.7970 -8.9011 107.6639  
14.8300 -7.7425 86.7744  
14.8640 -6.4150 79.8344  
14.8970 -4.6729 86.0560  
14.9300 -2.7717 60.6264  
14.9640 -0.8704 28.8499  
14.9970 1.0461 37.4040  
15.0310 2.8464 -46.0199  
15.0640 4.5906 16.4661  
15.0970 6.0666 -12.2602  
15.1310 7.1458 -12.2280  
15.1640 8.0927 46.6785  
15.1970 8.6104 -47.8005  
15.2300 8.7296 -34.7185  
15.2640 8.4263 -65.3955  
15.2970 7.7626 -79.5017  
15.3300 6.7173 -78.2258  
15.3640 5.5286 -88.2181  
15.3970 3.9732 -94.6409  
15.4300 2.2284 -69.6388  
15.4640 0.4213 -30.5622  
15.4970 -1.4652 22.6233  
15.5300 -3.3062 -34.0197  
15.5640 -5.1114 -23.1672  
15.5970 -6.7444 -15.1969  
15.6300 -8.5089 -119.3622  
15.6640 -9.6052 120.6339  
15.6970 -10.3263 22.7733  
15.7300 -10.6370 29.7415  
15.7640 -10.5907 37.4061  
15.7980 -10.5411 -29.6066  
15.8300 -10.3368 71.7142  
15.8640 -9.7077 91.8798  
15.8970 -8.7135 86.7928  
15.9300 -7.3700 90.6368  
15.9650 -5.3742 73.8418  
15.9970 -3.5185 84.3891  
16.0300 -1.6158 37.0127  
16.0630 0.3077 36.0419  
16.0980 1.9689 -38.5915  
16.1300 3.7726 13.0685  
16.1640 6.4960 337.9971  
16.1970 7.7394 -353.8379  
16.2310 8.8823 54.7066  
16.2640 9.5951 -39.7150  
16.2970 9.9380 -33.7801  
16.3310 9.8295 -53.3456  
16.3640 9.3284 -81.9385  
16.3970 8.4505 -78.1443  
16.4310 7.4208 -84.3649  
16.4640 6.0359 -94.9528  
16.4970 3.2467 -77.3217  
16.5310 1.3787 -72.4999  
16.5570 -0.8221 -56.4736  
16.5800 -2.7027 82.2960  
16.6300 -4.5693 -19.5126  
16.6640 -6.3293 -21.9998  
16.6970 -7.6049 64.8737  
16.7310 -8.8520 -67.4803  
16.7640 -9.7558 17.1018  
16.7970 -10.2576 26.8591  
16.8310 -10.3867 34.6067  
16.8640 -10.1352 40.6039  
16.8970 -9.7965 -18.0615  
16.9300 -9.3920 77.2916  
16.9640 -8.5622 96.4238  
16.9970 -7.3577 90.8572  
17.0310 -6.0957 79.8609  
17.0640 -4.3475 77.8134  
17.0970 -2.4265 69.4976  
17.1310 -0.5230 20.8987  
17.1640 1.3917 39.0597  
17.1970 3.0128 -48.3861  
17.2310 4.7528 17.4538  
17.2640 6.1924 -13.7473  
17.2970 7.2580 -13.9912  
17.3310 8.1571 39.2248  
17.3640 8.4646 -96.9874  
17.3970 8.6484 40.3228  
17.4310 8.2967 -90.0331  
17.4640 7.6172 -77.8246  
17.4970 6.5231 -86.5671  
17.5300 5.2889 -90.8421  
17.5640 3.6943 -88.5385  
17.5970 1.9176 -68.9474  
17.6300 -0.0451 -70.3211  
17.6640 -1.9389 59.4587  
17.6980 -3.6157 -30.2885  
17.7300 -5.5042 -24.6002  
17.7640 -7.1181 -9.2501  
17.7980 -8.7898 -92.5546  
17.8310 -9.8450 100.2865  
17.8640 -10.5306 21.1256  
17.8980 -10.8022 33.2309  
17.9310 -10.7191 38.5443  
17.9650 -10.5022 -28.9030  
17.9980 -10.2698 65.9628  
18.0310 -9.6084 98.8019  
18.0640 -8.5818 86.7845  
18.0980 -7.2384 83.9630  
18.1310 -5.3081 82.4455  
18.1470 -3.3991 193.6170  
18.1980 -1.5857 -5.0980  
18.2310 0.3026 56.9629  
18.2640 1.9452 -35.9424  
18.2980 3.8477 47.5658  
18.3310 5.9144 115.7114  
18.3640 7.1257 -160.4294  
18.3980 8.2085 46.4721  
18.4300 8.8757 -40.6799  
18.4640 9.1987 -21.2356  
18.4980 9.0095 -59.4954  
18.5310 8.5884 -78.1724  
18.5640 7.6956 -85.9938  
18.5980 6.6478 -80.4450  
18.6310 5.1094 -99.6762  
18.6640 2.9605 -69.2684  
18.6990 1.1602 -51.7023  
18.7340 -0.6928 30.1134  
18.7490 -2.5465 -87.2238  
18.7980 -4.4068 -16.0903  
18.8310 -6.1303 -19.8300  
18.8640 -7.7294 -40.5037  
18.8800 -8.9170 79.8601  
18.9310 -9.7841 9.2171  
18.9640 -10.2336 26.8656  
18.9970 -10.3274 38.5178  
19.0310 -10.0802 47.0498  
19.0640 -10.0184 -24.2070  
19.0970 -9.5541 82.2916  
19.1310 -8.7106 88.3584  
19.1640 -7.5015 90.9404  
19.1810 -5.8876 159.5410  
19.2310 -4.1289 54.5173  
19.2640 -2.2288 57.0613  
19.2980 -0.3530 18.9651  
19.3310 1.5149 36.0987  
19.3640 3.0774 -44.0687  
19.3980 4.6588 -17.9329  
19.4310 6.1894 66.9051  
19.4640 7.4490 8.8888  
19.4970 8.2948 -34.4318  
19.5310 8.7340 -39.8358  
19.5640 8.8416 -17.8490  
19.5800 8.4744 -179.0826  
19.6310 7.7995 -47.6978  
19.6640 6.7197 -86.5934  
19.6800 5.5117 -171.0528  
19.7300 4.0511 -62.6902  
19.7470 2.1391 -135.6987  
19.7980 0.1469 -9.9724  
19.8320 -1.6888 12.5914  
19.8640 -3.5014 -35.0925  
19.8830 -5.3246 -36.5243  
19.9310 -6.9020 -8.5076  
19.9640 -8.4037 -50.7918  
19.9800 -9.4170 126.7275  
20.0310 -10.0962 11.8370  
20.0640 -10.3490 34.2183  
20.0800 -10.2345 85.3987  
20.1310 -10.1837 -22.4512  
20.1470 -9.9426 145.6387  
20.1980 -9.2632 63.9216  
20.2350 -8.2146 81.0331  
20.2510 -6.8389 178.9722  
20.2980 -5.0378 54.8314  
20.3310 -3.1142 98.5544  
20.3640 -1.4288 -53.8687  
20.3800 0.4410 185.7706  
20.4320 2.0553 -22.8455  
20.4650 3.9445 48.6075  
20.4980 5.9900 117.9770  
20.5310 7.1739 -162.2952  
20.5640 8.1960 41.7873  
20.6010 8.8045 -34.3587  
20.6180 9.0580 -57.2164  
20.6470 8.8003 -64.1624  
20.6970 8.4758 -48.8947  
20.7310 7.5691 -83.8343  
20.7490 6.5069 -152.4044  
20.7990 4.9423 -68.3841  
20.8310 2.7736 -67.1295  
20.8640 0.9218 -66.2582  
20.8970 -1.0426 7.6779  
20.9310 -2.8698 2.9371  
20.9640 -4.6880 -26.7285  
20.9800 -6.3762 -35.0510  
21.0640 -7.8257 -0.6948  
21.0980 -8.9339 16.5828  
21.1310 -9.6695 29.7297  
21.1470 -9.9456 73.5799  
21.1980 -9.8505 30.6609  
21.2310 -9.6181 -24.6761  
21.2640 -9.1122 90.5721  
21.2970 -8.3166 90.8099  
21.3140 -7.1456 168.9217  
21.3650 -5.6475 53.1534  
21.3980 -3.8845 78.4956  
21.4310 -2.0289 45.1500  
21.4490 -0.1675 57.6808  
21.4980 1.6957 24.4188  
21.5310 3.2429 -48.3792  
21.5650 4.9344 18.4619  
21.5990 6.2734 -15.7460  
21.6310 7.5028 59.3788  
21.6640 8.3175 -38.6073  
21.6980 8.7147 -43.0926  
21.7310 8.7932 -18.0692  
21.7640 8.4397 -85.7892  
21.7970 7.7245 -78.1098  
21.8140 6.6027 -168.7825  
21.8650 5.3673 -53.5998  
21.8980 3.7693 -90.8392  
21.9310 1.9836 -73.0948  
21.9640 -0.1564 -49.8045  
21.9800 -1.9979 107.0054  
22.0310 -3.7957 -20.1867  
22.0640 -5.6127 -23.8620  
22.0980 -7.1781 -9.2613  
22.1310 -8.6165 -39.6567  
22.1470 -9.6021 103.7613  
22.1980 -10.2350 15.5325  
22.2310 -10.4694 29.9304  
22.2470 -10.3118 94.2212  
22.2980 -10.0742 -16.5186  
22.3310 -9.7987 63.3483  
22.3470 -9.0931 204.4437  
22.3980 -8.0078 59.0123  
22.4310 -6.6048 86.7541  
22.4470 -4.8268 152.5379  
22.4970 -2.9286 57.2404  
22.5140 -1.0876 12.9977  
22.5650 0.8009 28.6579  
22.6010 2.6422 28.7788  
22.6170 4.4587 -68.1244  
22.6520 6.2633 56.3114  
22.6980 7.4210 -69.5059  
22.7310 8.4301 46.1550  
22.7650 9.0187 -39.4624  
22.7980 9.2813 -24.8217  
22.8310 9.0221 -71.4237  
22.8650 8.4960 -71.9906  
22.8980 7.5660 -78.0901  
22.9310 6.2451 -87.0757  
22.9640 4.6904 -103.8741  
22.9970 2.7238 -65.0852  
23.0310 0.8471 -67.6148  
23.0470 -1.0026 112.1447  
23.0980 -2.8372 -23.3646  
23.1310 -4.6781 -26.7285  
23.1470 -6.3487 -40.8993  
23.2320 -7.7711 0.4143  
23.2640 -8.8754 18.8378  
23.2980 -9.5889 30.4749  
23.3310 -9.8323 38.5351  
23.3470 -9.7140 91.8517  
23.3970 -9.4293 -12.6936  
23.4160 -9.0252 157.2789  
23.4650 -8.2023 61.1610  
23.4980 -7.0039 87.0188  
23.5310 -5.4678 82.5376  
23.5650 -3.6638 79.8230  
23.5980 -1.7727 44.6594  
23.6310 0.1043 27.1297  
23.6650 1.9767 36.0477  
23.6980 3.5238 -54.0659  
23.7670 5.1343 0.0000  
23.7820 6.6319 123.9776  
23.8310 7.7062 -25.2385  
23.8640 8.3942 -30.0436  
23.8800 8.7304 -49.5706  
23.9310 8.4712 -63.5483  
23.9640 7.7927 -82.4027  
23.9800 6.7518 -170.5439  
24.0310 5.3013 -56.2838  
24.0650 3.7319 -87.4508  
24.0980 1.9154 -74.8560  
24.1340 -0.2449 -43.8628  
24.1490 -2.1047 117.9009  
24.1980 -3.9684 -21.0224  
24.2310 -5.8128 -18.1791  
24.2640 -7.3645 -9.5419  
24.2800 -8.6562 -7.4196  
24.3310 -9.6280 9.2200  
24.3650 -10.2336 23.2987  
24.3980 -10.4241 35.6507  
24.4310 -10.2264 42.8122  
24.4640 -9.9202 -14.9981  
24.4830 -9.6101 95.1547  
24.5320 -8.8574 69.3039  
24.5690 -7.7584 77.3668  
24.6020 -6.3417 86.7446  
24.6170 -4.6555 171.7948  
24.6650 -2.7909 46.9393  
24.6980 -0.9323 22.2009  
24.7170 0.9407 69.4999  
24.7650 2.5360 -28.4067  
24.7980 4.2816 30.5301  
24.8320 5.9390 27.2238  
24.8650 7.0499 -62.6938  
24.8980 8.0309 47.3922  
24.9310 8.5860 -42.3454  
24.9470 8.7885 -59.3000  
24.9980 8.5477 -42.7365  
25.0310 7.9768 -77.8152  
25.0470 7.0022 -169.7926  
25.0980 5.8904 -53.6398  
25.1310 4.3488 -99.7448  
25.1640 2.5081 -62.5325  
25.1980 0.7336 -41.4347  
25.2310 -1.1180 24.0591  
25.2470 -2.9514 -75.9614  
25.3010 -4.7744 -15.6303  
25.3150 -6.4298 -36.0810  
25.3650 -8.4352 -121.3404  
25.3980 -9.5522 186.8895  
25.4140 -10.3357 37.4519  
25.4650 -10.6919 19.2332  
25.4980 -10.7011 42.6354  
25.5140 -10.6599 -56.5002  
25.5650 -10.5031 38.1998  
25.5980 -9.9314 88.9392  
25.6320 -8.9773 87.6450  
25.6500 -7.6865 158.9360  
25.6980 -5.5339 53.1602  
25.7310 -3.6782 96.9241  
25.7650 -1.8107 21.0888  
25.7970 0.0584 31.1404  
25.8140 1.9095 72.2255  
25.8650 3.6748 -34.5648  
25.9310 5.2361 -1.3909  
25.9650 6.6865 53.7280  
25.9810 7.7064 -82.8626  
26.0350 8.1492 -53.8828  
26.0490 8.3573 14.6040  
26.0980 8.0104 -47.9930  
26.1310 7.3219 -81.7834  
26.1650 6.2617 -80.0042  
26.1970 4.7934 -89.1791  
26.2130 3.2169 -177.7933  
26.2650 1.4402 -40.2530  
26.2970 -0.5375 -5.7431  
26.3130 -2.3563 16.4740  
26.3640 -3.9957 -21.9013  
26.3800 -5.7153 -37.2723  
26.4320 -7.2871 -16.7972  
26.4640 -8.5260 19.6718  
26.4800 -9.4462 29.1956  
26.5310 -10.0022 15.4500  
26.5480 -10.1568 68.8158  
26.5850 -9.9616 37.9430  
26.6140 -9.8037 -19.1655  
26.6650 -9.4911 35.4913  
26.6980 -8.7157 106.4181  
26.7310 -7.5959 86.2672  
26.7650 -6.1188 79.3992  
26.7980 -4.4474 77.9525  
26.8140 -2.5782 152.8719  
26.8650 -0.7437 8.6339  
26.8980 1.1116 41.7639  
26.9130 2.9322 70.3924  
26.9650 4.4910 -61.0122  
26.9980 5.9609 27.9072  
27.0130 7.2878 138.7413  
27.0650 8.2150 -22.1049  
27.0980 8.7387 -40.4926  
27.1130 8.9107 -62.9304  
27.1640 8.6119 -44.3618  
27.1980 8.0254 -71.6354  
27.2140 7.0310 -168.8995  
27.2650 5.6453 -55.9956  
27.2970 4.2495 -102.3078  
27.3140 2.5830 -105.0777  
27.3640 0.7721 12.7289  
27.3800 -1.0572 -83.2673  
27.4310 -2.8643 -21.8715  
27.4470 -4.6554 -48.9698  
27.4990 -6.2668 -8.9355  
27.5130 -8.3349 -500.2586  
27.5640 -9.4196 139.8539  
27.5980 -10.1587 17.6416  
27.6130 -10.4674 68.6292  
27.6640 -10.4711 24.7944  
27.6810 -10.6018 -37.2644  
27.7310 -10.4165 36.5456  
27.7490 -9.8233 164.6345  
27.7980 -8.8537 60.8211  
27.8310 -7.5664 82.2165  
27.8470 -5.3224 160.1768  
27.8980 -3.4644 64.1846  
27.9310 -1.6389 8.2958  
27.9650 0.2155 38.8124  
27.9800 2.0581 76.3513  
28.0310 3.7869 -34.7139  
28.0980 5.3239 -1.3702  
28.1130 6.7329 112.2670  
28.1650 7.7186 -24.0953  
28.1800 8.2741 -105.8829  
28.2310 8.4389 -26.3727  
28.2470 8.0439 -145.2702  
28.2970 7.3791 -48.4803  
28.3130 6.2826 -187.3328  
28.3650 4.7999 -52.2527  
28.3970 3.1961 -93.1728  
28.4140 1.5204 -47.6461  
28.4640 -0.3095 2.8291  
28.4830 -2.1398 -66.1861  
28.5230 -3.9045 -23.2766  
28.5470 -5.5943 -24.8482  
28.5990 -6.9801 13.7592  
28.6370 -8.2194 -25.2483  
28.6520 -9.1030 37.3645  
28.6990 -9.6360 16.7702  
28.7320 -9.7539 35.4556  
28.7650 -9.6411 45.3629  
28.7980 -9.6051 -18.9996  
28.8350 -9.2369 55.8031  
28.8510 -8.4479 204.8189  
28.8980 -7.3145 60.5779  
28.9310 -5.9817 82.1108  
28.9470 -4.2832 168.6091  
28.9980 -2.4539 36.6431  
29.0130 -0.6329 46.9583  
29.0650 1.2071 26.1621  
29.0980 2.7516 -44.1887  
29.1140 4.4376 49.3046  
29.1650 5.8614 -10.9461  
29.1980 6.9160 -12.5477  
29.2130 7.8174 87.6130  
29.2640 8.1399 -60.3750  
29.2800 8.2741 50.9563  
29.3320 7.9821 -46.0377  
29.3650 7.3863 -70.6890  
29.3800 6.3705 -189.3398  
29.4310 5.2286 -53.3153  
29.4470 3.6940 -196.1069  
29.4970 2.0029 -42.4814  
29.5130 0.4525 62.1024  
29.5650 -1.3644 -25.9947  
29.5980 -2.9850 -33.8014  
29.6140 -4.7655 -48.9698  
29.6640 -6.3530 -9.2929  
29.6800 -8.0106 -189.5446  
29.7310 -9.0586 63.8248  
29.7470 -9.7653 43.3627  
29.7980 -10.0554 20.1737  
29.8130 -10.0066 84.3225  
29.8650 -10.1389 -15.7353  
29.8800 -9.9407 130.2777  
29.9310 -9.3340 58.2334  
29.9470 -8.3644 177.7780  
29.9980 -7.0635 55.8567  
30.0140 -5.1896 168.6322  
30.0650 -3.3543 56.2457  
30.0980 -1.5564 9.6851  
30.1140 0.2718 83.2417  
30.1480 2.0928 35.0654  
30.1980 3.8214 -34.8281  
30.2310 6.1449 239.4945  
30.2470 7.3536 -511.1660  
30.2980 8.4402 31.8330  
30.3310 9.1096 -40.0662  
30.3470 9.3864 -76.7998  
30.3970 9.2159 -32.0904  
30.4130 8.7888 -140.3902  
30.4650 7.9722 -49.3073  
30.4800 6.7504 -190.5718  
30.5310 5.4038 -58.6248  
30.5480 2.9986 -157.7881  
30.5810 1.3634 -14.5325  
30.6150 -0.4514 -5.0595  
30.6650 -2.2505 -23.2877  
30.6980 -4.0291 -31.0399  
30.7320 -5.6975 -14.7971  
30.7650 -6.9583 55.4573  
30.7980 -8.1608 -60.0171  
30.8140 -9.0307 29.1864  
30.8650 -9.5041 19.1233  
30.8980 -9.6016 32.6263  
30.9310 -9.4921 48.1820  
30.9470 -9.4354 -43.7048  
30.9980 -9.0364 44.2822  
31.0130 -8.2117 215.5067  
31.0650 -7.0511 54.9120  
31.0980 -5.8103 79.7773  
31.1130 -4.1498 147.7272  
31.1650 -2.4978 7.3640  
31.1800 -0.6903 168.6232  
31.2310 1.1290 23.4245  
31.2470 2.6548 -84.0384  
31.3010 4.3071 10.4901  
31.3160 5.8290 63.5336  
31.3650 7.0678 8.2157  
31.3800 7.9105 -73.6940  
31.4310 8.3541 -26.6518  
31.4470 8.4809 -59.4567  
31.4970 8.3342 -47.0513  
31.5130 7.6934 -150.7225  
31.5640 6.6619 -53.1829  
31.5800 5.4928 -170.0575  
31.6310 3.9690 -58.4296  
31.6470 2.1207 -143.3066  
31.6980 0.3389 20.9553  
31.7140 -1.4652 -83.0688  
31.7650 -3.2356 -20.0569  
31.7800 -4.9949 -55.9529  
31.8320 -6.5598 -7.8609  
31.8650 -8.1238 -72.8152  
31.8800 -9.1448 181.2181  
31.9320 -9.8243 13.3424  
31.9470 -10.0983 71.7035  
31.9980 -10.0118 25.7195  
32.0160 -9.9650 37.2874  
32.0650 -9.6640 24.7695  
32.0980 -9.0208 72.6943  
32.1130 -8.0091 189.6575  
32.1650 -6.6892 51.4360  
32.1980 -4.8689 78.7944  
32.2130 -3.2444 50.6814  
32.2640 -1.5998 17.5412  
32.2800 0.2334 185.1158  
32.3310 1.8199 -22.6378  
32.3490 3.5013 89.9638  
32.3810 5.2711 65.5558  
32.4140 6.4435 -108.3494  
32.4650 7.4798 29.1054  
32.5000 8.1276 -34.5647  
32.5160 8.2378 -173.5574  
32.5650 8.2160 -11.3974  
32.5810 7.9017 -126.9649  
32.6320 7.0347 -50.2892  
32.6640 5.9978 -89.1763  
32.6800 4.4738 -203.2220  
32.7320 2.5245 -41.4500  
32.7650 1.0114 23.8433  
32.7820 -0.7989 -87.5630  
32.8300 -2.6047 -24.2506  
32.8470 -4.2260 -54.7997  
32.8990 -5.8510 -11.4570  
32.9320 -7.3766 -31.4652  
32.9470 -8.5478 65.3559  
32.9980 -9.3683 12.8192  
33.0130 -9.7847 52.5630  
33.0640 -9.8686 22.9451  
33.0800 -9.8814 93.5398  
33.1350 -9.7972 -9.4054  
33.1500 -9.3389 171.7651  
33.1810 -8.5041 91.4012  
33.2310 -7.3117 59.6206  
33.2470 -5.7589 160.2639  
33.2980 -4.0489 50.0597  
33.3140 -2.4062 -1.1823  
33.3650 -0.5637 54.6383  
33.3800 1.2717 73.2361  
33.4310 2.8068 -29.5238  
33.4500 4.3007 -48.9507  
33.4810 5.6483 35.9226  
33.5320 6.8910 35.0072  
33.5470 7.7294 -70.8722  
33.5980 8.0075 -59.5834  
33.6130 8.0889 39.1477  
33.6640 7.9152 -50.4039  
33.6800 7.2210 -151.1841  
33.7310 6.1326 -55.7450  
33.7470 4.9375 -160.7948  
33.7810 3.5225 -92.0398  
33.8310 1.8096 -37.2979  
33.8650 0.0068 26.0612  
33.8800 -1.8155 -83.8804  
33.9310 -3.4363 -20.0623  
33.9470 -5.1941 -48.9391  
33.9980 -6.7358 -8.0456  
34.0140 -8.0493 -8.4972  
34.0650 -9.0201 11.4344  
34.0800 -9.6643 46.2714  
34.1320 -9.8927 19.7803  
34.1500 -9.7987 75.4740  
34.1810 -9.8429 -15.9939  
34.2320 -9.5674 38.0296  
34.2470 -8.9013 192.1528  
34.2810 -7.8586 87.7193  
34.3320 -6.4912 55.6328  
34.3650 -4.8531 77.9012  
34.3800 -3.0348 159.0606  
34.4320 -1.2020 16.1226  
34.4650 0.6515 37.4325  
34.4830 2.4068 20.9686  
34.5310 4.0709 -29.3467  
34.5470 5.7923 157.0926  
34.5980 6.9511 -53.8143  
34.6140 7.9587 91.8717  
34.6650 8.5522 -25.5457  
34.6800 8.7757 -75.2862  
34.7310 8.5563 -40.0556  
34.7470 8.0273 -141.1546  
34.7980 7.1219 -49.5599  
34.8140 5.8942 -177.9475  
34.8480 4.4812 -95.8852  
34.8810 2.6014 -65.3191  
34.9320 0.8030 -37.8401  
34.9650 -1.0152 38.5197  
34.9830 -2.8196 -64.6585  
35.0320 -4.6042 -19.0176  
35.0650 -6.2255 -12.4081  
35.0800 -7.7816 -107.1773  
35.1320 -8.9301 29.8105  
35.1650 -9.7377 16.9786  
35.1980 -10.1218 29.5601  
35.2140 -10.1640 79.0125  
35.2690 -9.8636 27.1937  
35.2840 -9.7202 -19.9235  
35.3150 -9.1999 84.0092  
35.3650 -8.3152 54.2761  
35.3980 -7.1049 86.2227  
35.4140 -5.4640 168.6902  
35.4640 -3.7227 51.0633  
35.4800 -1.9364 63.1753  
35.5320 -0.0951 29.3312  
35.5470 1.7347 76.6900  
35.5970 3.2419 -34.6369  
35.6650 4.7881 1.3494  
35.6800 6.0188 -36.6820  
35.7320 7.1035 24.0996  
35.7470 7.6016 -201.3265  
35.7980 7.7816 -9.4769  
35.8140 7.5577 -92.8024  
35.8640 6.9715 -52.2407  
35.8800 5.9619 -169.3031  
35.9320 4.5665 -52.0825  
35.9470 3.0448 -199.6171  
35.9810 1.3093 -60.1898  
36.0310 -0.2601 22.2205  
36.0470 -2.0713 -72.8214  
36.0980 -3.6921 -21.8892  
36.1140 -5.3243 -37.3096  
36.1640 -6.8394 -6.2755  
36.1800 -8.0991 -3.6250  
36.2160 -9.0470 11.3644  
36.2640 -9.6547 14.4655  
36.2800 -9.8553 67.2445  
36.3310 -9.7108 27.5401  
36.3470 -9.5325 90.6348  
36.3810 -9.2520 -4.2582  
36.4310 -8.5495 62.1002  
36.4470 -7.4890 186.3764  
36.4820 -6.1261 77.4400  
36.5320 -4.5148 48.5331  
36.5470 -2.7694 116.6502  
36.5980 -1.1343 -8.0214  
36.6140 0.7041 194.3646  
36.6650 2.4532 10.0146  
36.6800 3.9039 -102.1927  
36.7320 5.7742 77.8880  
36.7470 6.8967 -291.5292  
36.7810 7.8788 46.4376  
36.8320 8.4527 -26.9116  
36.8470 8.6300 -102.5954  
36.8810 8.4619 -50.1370  
36.9320 8.0977 -46.4478  
36.9470 7.1661 -171.0432  
36.9980 5.9285 -49.9657  
37.0140 4.4999 -215.1960  
37.0710 2.4528 -37.4621  
37.1010 0.9267 27.9034  
37.1170 -0.8889 -82.2332  
37.1480 -2.6880 -38.9552  
37.1990 -4.4264 -18.2719  
37.2180 -6.0353 -21.5510  
37.2480 -7.9728 -188.5179  
37.2820 -9.0658 172.9454  
37.3150 -9.8398 19.4516  
37.3660 -10.1735 18.8006  
37.3980 -10.1787 35.9552  
37.4170 -10.1115 82.1694  
37.4480 -9.9473 -11.1957  
37.4990 -9.3857 54.2610  
37.5330 -8.4713 76.3629  
37.5470 -7.2362 199.7857  
37.5980 -5.1703 52.0149  
37.6140 -3.4582 146.4317  
37.6650 -1.7143 18.7974  
37.6800 0.0730 92.9198  
37.7150 1.8567 31.8105  
37.7480 3.3288 -47.0995  
37.8320 4.8355 0.0000  
37.8470 6.2269 107.5568  
37.8820 7.2406 -33.7424  
37.9150 7.6855 -87.5959  
37.9480 7.8715 1.9469  
37.9810 7.6239 -60.4071  
38.0320 7.0285 -49.4066  
38.0470 6.0273 -177.5856  
38.0810 4.6481 -78.4314  
38.1350 3.1324 -54.0630  
38.1500 1.4558 -107.2940  
38.1980 -0.3022 16.6675  
38.2140 -2.0657 -77.2636  
38.2480 -3.6407 -29.5764  
38.2820 -5.2808 -17.2496  
38.3150 -6.7523 -9.3411  
38.3480 -7.9685 1.0415  
38.3990 -8.8780 7.8877  
38.4140 -9.4526 45.4965  
38.4480 -9.6204 33.8085  
38.4810 -9.4892 41.8060  
38.5320 -9.4848 -9.1571  
38.5470 -9.1713 123.5996  
38.5980 -8.4551 59.2387  
38.6140 -7.3995 175.4722  
38.6650 -6.0334 54.8595  
38.6800 -4.4321 159.0072  
38.7320 -2.6783 37.0731  
38.7470 -1.0623 -46.3418  
38.7980 0.7167 54.4847  
38.8140 2.3758 11.2979  
38.8680 4.0659 -2.8970  
38.8830 5.6953 83.0913  
38.9320 6.9073 -23.5220  
38.9470 7.8238 -9.8354  
38.9980 8.1674 -57.4659  
39.0140 8.1909 -50.9856  
39.0480 7.9455 -22.4130  
39.0980 7.5562 -42.6792  
39.1140 6.6234 -165.9733  
39.1480 5.4185 -74.7231  
39.1820 3.9097 -94.0087  
39.2320 2.0840 -38.4238  
39.2670 0.4532 22.7149  
39.2910 -1.3049 -59.1670  
39.3140 -2.8795 -47.6287  
39.3490 -4.4496 -22.0086  
39.3810 -5.9925 -15.3448  
39.4150 -7.7512 -126.2256  
39.4650 -8.7990 89.0805  
39.4810 -9.5285 40.0953  
39.5150 -9.8425 28.2132  
39.5650 -9.8493 23.0189  
39.5980 -9.7703 50.0676  
39.6320 -9.5827 -9.8035  
39.6650 -9.0180 81.0597  
39.6810 -8.0964 174.9744  
39.7320 -6.8459 54.8440  
39.7470 -4.9144 167.9469  
39.7990 -3.1667 50.2962  
39.8140 -1.4312 34.6279  
39.8480 0.3492 41.4312  
39.8990 2.0587 8.6705  
39.9140 3.5124 -60.4768  
39.9980 4.9812 -2.1471  
40.0140 6.3548 107.6196  
40.0470 7.3100 -41.9769  
40.0810 7.8598 -36.9283  
40.1140 8.0109 -44.5066  
40.1480 7.6930 -60.9775  
40.1810 7.0744 -75.4370  
40.2150 6.0479 -78.4964  
40.2650 4.6977 -55.9082  
40.2800 3.1861 -168.1110  
40.3150 1.7445 14.8861  
40.3480 -0.0153 -44.2749  
40.3980 -1.7602 -24.7243  
40.4160 -3.4801 -55.8666  
40.4480 -5.1118 -18.3277  
40.4810 -6.4721 19.4299  
40.5320 -7.6658 -16.1520  
40.5470 -8.5523 26.8415  
40.5810 -9.0818 22.7837  
40.6150 -9.2442 33.8187  
40.6650 -9.3116 29.4154  
40.6800 -9.2792 -30.8648  
40.7310 -8.9411 35.6950  
40.7500 -8.1840 167.6295  
40.7810 -7.1018 85.9434  
40.8150 -5.8183 78.0775  
40.8480 -4.2120 72.8369  
40.8820 -2.6247 6.2562  
40.9140 -0.8548 81.2879  
40.9480 0.9268 37.2216  
40.9820 2.5946 9.8331  
41.0320 4.2372 -14.3215  
41.0470 5.8220 82.8876  
41.0810 6.8497 -70.2081  
41.1140 7.7351 37.6284  
41.1480 8.0573 -87.5539  
41.1810 8.0513 -26.6443  
41.2150 7.9612 -18.4592  
41.2480 7.3863 -68.0918  
41.2810 6.4059 -84.5180  
41.3150 5.1257 -78.3824  
41.3480 3.6230 -89.0733  
41.3810 1.7995 -59.5811  
41.4150 0.2937 23.2717  
41.4480 -1.4826 -44.3674  
41.4810 -3.0664 -31.8662  
41.5150 -4.6356 -21.5485  
41.5480 -6.1822 -12.1901  
41.5810 -7.8576 -107.1281  
41.6150 -8.8787 110.4139  
41.6480 -9.5744 17.8750  
41.6810 -9.8796 29.2287  
41.7140 -9.8501 41.8540  
41.7480 -9.9425 -12.5989  
41.7810 -9.7299 48.0717  
41.8150 -9.1203 85.8505  
41.8480 -8.1708 80.7838  
41.8810 -6.9014 84.7603  
41.9140 -5.0398 72.3018  
41.9480 -3.3092 71.8896  
41.9810 -1.5545 25.2104  
42.0150 0.2495 42.8496  
42.0480 2.0232 32.6435  
42.0810 3.6574 -55.2113  
42.1150 5.8458 209.6285  
42.1480 7.0205 -218.7132  
42.1810 8.0943 50.2267  
42.2220 8.7678 -29.4500  
42.2470 9.0564 -58.4897  
42.2810 8.9354 -48.5687  
42.3150 8.5135 -64.0367  
42.3480 7.7087 -71.8978  
42.3810 6.5288 -81.0030  
42.4150 5.2383 -86.1405  
42.4470 2.9831 -78.7206  
42.4810 1.3440 -31.0793  
42.5160 -0.4369 6.8655  
42.5480 -2.2022 -32.9072  
42.5810 -3.9220 -30.4808  
42.6150 -5.5261 -14.5564  
42.6480 -6.7577 46.9122  
42.6810 -7.9214 -51.3606  
42.7140 -8.7721 13.8939  
42.7480 -9.2523 22.7912  
42.7810 -9.3657 34.8489  
42.8150 -9.2264 43.2486  
42.8480 -9.1586 -14.4044  
42.8810 -8.7866 60.2762  
42.9190 -8.0069 80.7945  
42.9480 -6.8981 96.4592  
42.9810 -5.6787 80.4267  
43.0150 -4.0592 67.8080  
43.0480 -2.3431 43.1671  
43.0810 -0.7456 -12.4370  
43.1150 1.0368 88.1831  
43.1480 2.5226 -45.2837  
43.1810 4.1226 20.1548  
43.2150 5.4800 -12.8302  
43.2480 6.4803 -15.1689  
43.2810 7.3331 40.0807  
43.3150 7.7957 -36.7345  
43.3480 7.9204 -32.5072  
43.3810 7.6717 -69.9920  
43.4150 7.2334 -67.8184  
43.4650 6.2162 -55.8427  
43.4800 5.0808 -178.3115  
43.5150 3.5861 -83.6845  
43.5480 1.9559 -54.2732  
43.5810 0.4459 21.2495  
43.6150 -1.3245 -37.6878  
43.6610 -3.0660 -20.8722  
43.6900 -4.7827 -28.4177  
43.7140 -6.2995 -12.9562  
43.7480 -7.9659 -111.8138  
43.7820 -8.9510 118.2624  
43.8150 -9.6096 17.8841  
43.8480 -9.8695 32.0293  
43.8810 -9.8216 39.0499  
43.9150 -9.6908 44.9702  
43.9490 -9.4540 -6.4769  
43.9810 -8.8535 83.6325  
44.0150 -7.8776 86.1746  
44.0480 -6.6039 80.7962  
44.0820 -4.7116 70.1706  
44.1150 -2.9347 86.8505  
44.1480 -1.1606 17.0251  
44.1820 0.6160 31.8469  
44.2150 2.3760 34.0193  
44.2480 3.8054 -53.8813  
44.2810 5.8498 179.7196  
44.3140 7.0065 -187.9148  
44.3480 8.0279 46.4006  
44.3820 8.6614 -35.6897  
44.4140 8.9254 -40.9022  
44.4480 8.7221 -53.1402  
44.4820 8.2596 -59.7177  
44.5150 7.4372 -76.2507  
44.5480 6.2350 -81.0766  
44.5820 4.9163 -86.5725  
44.6150 2.7540 -75.8957  
44.6480 1.1749 -11.1732  
44.6820 -0.5799 -5.2964  
44.7150 -2.3278 -34.6773  
44.7480 -4.0362 -27.7135  
44.7840 -5.6227 -16.2830  
44.8150 -6.8125 62.4256  
44.8490 -7.9498 -58.5506  
44.8810 -8.7790 12.6686  
44.9150 -9.2127 29.7567  
44.9480 -9.2901 32.0711  
44.9810 -9.1870 43.5055  
45.0150 -9.0039 18.2565  
45.0480 -8.5827 37.4821  
45.0810 -7.7764 88.9572  
45.1150 -6.6315 82.3508  
45.1480 -5.4208 78.5897  
45.1810 -3.7911 66.6595  
45.2150 -2.0210 53.1790  
45.2490 -0.4419 -26.3767  
45.2810 1.3341 94.5598  
45.3150 2.8100 -45.9885  
45.3480 4.2026 -6.4612  
45.3810 5.5067 10.6360  
45.4150 6.7019 54.3559  
45.4480 7.5043 -34.2165  
45.4850 7.7609 -77.3860  
45.5140 7.8636 22.7298  
45.5480 7.5397 -72.2553  
45.5810 7.0756 -69.6904  
45.6150 6.0419 -78.5132  
45.6480 4.9107 -76.9166  
45.6810 3.5080 -88.7563  
45.7150 1.9807 -26.3105  
45.7480 0.1223 -44.3307  
45.7830 -1.6245 -0.3914  
45.8190 -3.1994 -31.7521  
45.8480 -4.9042 -22.1088  
45.8810 -6.3945 -9.4227  
45.9150 -7.8628 -61.1748  
45.9480 -8.8342 69.6725  
45.9820 -9.4744 22.7690  
46.0150 -9.7252 29.2479  
46.0480 -9.7577 39.0409  
46.0820 -9.6865 -12.5361  
46.1150 -9.4472 50.5308  
46.1520 -8.8017 78.8831  
46.1810 -7.8124 96.4393  
46.2150 -6.5122 82.3285  
46.2480 -4.7769 68.7903  
46.2810 -3.0340 71.9838  
46.3150 -1.4542 -25.2168  
46.3490 0.2980 79.1021  
46.3810 2.0283 33.4167  
46.4150 3.7555 -13.4455  
46.4480 5.6572 103.4329  
46.4810 6.7782 -148.1565  
46.5150 7.7527 39.1594  
46.5490 8.1587 -84.8558  
46.5810 8.3758 11.8983  
46.6150 8.1786 -51.9740  
46.6480 7.8719 -59.1812  
46.6810 7.0378 -78.3215  
46.7150 5.8294 -78.6291  
46.7480 4.3452 -97.4285  
46.7810 2.3323 -56.7613  
46.8140 0.7193 -27.0032  
46.8510 -1.0111 4.2833  
46.8810 -2.5673 -38.1387  
46.9150 -4.2439 -24.2118  
46.9480 -5.8025 -17.7632  
47.0320 -7.1713 -0.6610  
47.0470 -8.2226 39.3052  
47.0820 -8.9239 23.6442  
47.1150 -9.1795 37.6482  
47.1490 -9.1007 43.2214  
47.1840 -8.9797 -13.3686  
47.2140 -8.6175 85.6646  
47.2480 -7.8669 80.5818  
47.2810 -6.7539 84.8711  
47.3150 -5.3439 70.1028  
47.3490 -3.7190 61.5968  
47.3810 -2.1358 5.3907  
47.4150 -0.5475 25.8136  
47.4480 1.1909 83.1574  
47.4820 2.6451 -40.3722  
47.5140 4.2840 43.0780  
47.5480 5.5238 -41.7662  
47.5810 6.4398 -15.1152  
47.6150 7.1847 32.0523  
47.6480 7.5594 -39.9393  
47.6820 7.4470 -81.6844  
47.7150 7.2526 -19.6261  
47.7480 6.7394 -70.0016  
47.7820 5.6854 -78.3468  
47.8140 4.5154 -79.1536  
47.8480 2.9156 -85.8548  
47.8840 1.3330 -34.6788  
47.9150 -0.1451 17.6300  
47.9480 -1.8750 -43.2864  
47.9810 -3.5737 -30.4567  
48.0150 -5.0678 -21.5546  
48.0490 -6.5505 -15.6516  
48.0820 -7.7948 2.2173  
48.1150 -8.7176 16.6874  
48.1480 -9.3189 20.6802  
48.1820 -9.5226 31.0985  
48.2080 -9.4727 49.5406  
48.2480 -9.3152 40.5343  
48.2820 -9.0487 -9.9548  
48.3150 -8.3766 92.4834  
48.3490 -7.3648 78.3416  
48.3820 -6.0199 84.8125  
48.4150 -4.4659 65.5685  
48.4490 -2.6918 80.9597  
48.4820 -1.1120 -38.2273  
48.5150 0.6511 87.6022  
48.5530 2.3811 25.1739  
48.5810 3.8742 -26.6553  
48.6160 5.5832 51.9881  
48.6480 6.6595 -102.3467  
48.6820 7.6116 41.7959  
48.7150 8.1628 -36.6401  
48.7480 8.2485 -75.5135  
48.7820 7.9846 -21.8690  
48.8150 7.6315 -65.2259  
48.8490 6.7372 -74.1881  
48.8810 5.4807 -83.2657  
48.9150 3.9783 -94.2810  
48.9480 2.1084 -56.2221  
48.9810 0.4053 -48.6865  
49.0150 -1.3434 28.3516  
49.0490 -3.0765 -30.9467  
49.0810 -4.6519 -28.6031  
49.1150 -6.1932 -11.8418  
49.1480 -8.0433 -158.8047  
49.1810 -9.0893 167.2183  
49.2150 -9.8114 16.9404  
49.2510 -10.1320 22.4592  
49.2810 -10.1456 40.4668  
49.3150 -9.8550 42.2402  
49.3480 -9.6118 14.8462  
49.3820 -9.0998 48.0962  
49.4160 -8.2356 76.7005  
49.4480 -7.0576 85.4541  
49.4820 -5.0961 76.2867  
49.5150 -3.4781 63.1714  
49.5480 -1.9305 -3.9037  
49.5810 -0.1995 80.0834  
49.6150 1.5209 32.5888  
49.6490 2.9424 -45.6628  
49.6820 4.4706 47.1474  
49.7150 5.6884 -44.4784  
49.7490 6.8054 47.0342  
49.7820 7.5317 -35.5051  
49.8150 7.7333 -80.4194  
49.8480 7.7163 -3.0488  
49.8810 7.5135 -60.2410  
49.9150 6.8068 -70.4360  
49.9520 5.7420 -66.8776  
49.9810 4.5591 -94.2392  
50.0150 2.9459 -80.7864  
50.0480 1.4582 -6.4724  
50.0820 -0.2449 -16.2863  
50.1150 -1.9561 -37.9789  
50.1490 -3.4867 -24.9353  
50.1810 -5.0788 -22.3803  
50.2150 -6.4838 -3.4176  
50.2490 -7.6646 -4.4936  
50.2810 -8.5531 14.0054  
50.3140 -9.1016 20.2040  
50.3490 -9.2722 29.5177  
50.3820 -9.2776 43.5828  
50.4150 -9.2867 -17.9098  
50.4480 -9.0039 50.4655  
50.4820 -8.3119 95.4130  
50.5140 -7.2879 81.4082  
50.5480 -5.9926 76.3587  
50.5820 -4.4349 72.6641  
50.6150 -2.7314 57.7837  
50.6490 -1.1783 -24.6400  
50.6820 0.5638 88.5878  
50.7160 2.2037 12.2582  
50.7490 3.8280 -22.6497  
50.7820 5.4019 35.1812  
50.8160 6.4368 -63.1177  
50.8480 7.3333 38.1972  
50.8820 7.6873 -83.2360  
50.9150 7.8622 20.6111  
50.9490 7.6244 -65.3063  
50.9810 7.2575 -66.5405  
51.0150 6.3516 -72.5392  
51.0490 5.1434 -76.6195  
51.0810 3.6967 -97.9391  
51.1150 1.9398 -57.0526  
51.1480 0.4856 26.6883  
51.1810 -1.2159 -37.9216  
51.2190 -2.7462 -29.4063  
51.2480 -4.4250 -27.7561  
51.2820 -5.9211 -11.5684  
51.3160 -7.4154 -62.1094  
51.3480 -8.4485 67.0831  
51.3820 -9.1634 16.9404  
51.4150 -9.4661 29.9380  
51.4480 -9.4534 36.7987  
51.4820 -9.3763 44.8587  
51.5150 -9.2184 -13.4484  
51.5480 -8.6926 77.6147  
51.5820 -7.8126 80.5135  
51.6160 -6.6199 80.4261  
51.6490 -4.9826 70.6992  
51.6810 -3.3473 66.4731  
51.7150 -1.6356 39.3861  
51.7490 0.0964 35.0684  
51.7820 1.7733 20.0739  
51.8150 3.1768 -36.6335  
51.8820 4.6070 -2.6288  
51.9150 5.9594 54.0207  
51.9480 6.9152 -37.2146  
51.9810 7.4692 -38.8982  
52.0150 7.6421 -43.4527  
52.0480 7.3948 -62.9069  
52.0820 6.7884 -66.2130  
52.1150 5.8027 -78.7935  
52.1480 4.4771 -82.9624  
52.1810 3.0000 -82.5213  
52.2150 1.3970 -42.2058  
52.2480 -0.3157 20.7662  
52.2820 -2.0220 -34.2327  
52.3180 -3.6936 -26.0343  
52.3480 -5.2802 -20.8911  
52.3810 -6.5322 38.4890  
52.4150 -7.7040 -42.6303  
52.4490 -8.5762 11.6379  
52.4820 -9.0848 27.2414  
52.5150 -9.2266 28.5980  
52.5490 -9.0812 42.2830  
52.5990 -9.0237 -3.8762  
52.6150 -8.6970 95.5210  
52.6490 -7.9666 91.1548  
52.6820 -6.9035 81.8428  
52.7190 -5.7242 65.7166  
52.7480 -4.1737 78.0381  
52.7820 -2.6347 8.2412  
52.8150 -1.0909 28.7202  
52.8480 0.6471 87.4205  
52.8820 2.2710 8.7205  
52.9160 3.6838 -67.7532  
52.9480 5.0302 26.9799  
52.9820 6.0268 -11.7278  
53.0150 6.8889 41.0855  
53.0480 7.3850 -37.2086  
53.0820 7.5354 -35.1189  
53.1150 7.4619 -59.3886  
53.1490 7.0772 -63.6267  
53.1820 6.1313 -82.6284  
53.2150 4.8953 -78.9511  
53.2480 3.6043 -86.4506  
53.2810 2.0451 -55.1252  
53.3150 0.4325 -27.4313  
53.3480 -1.2825 10.0402  
53.3810 -2.9776 -31.1488  
53.4180 -4.6337 -21.7548  
53.4480 -6.1243 -10.1380  
53.4820 -7.7033 -89.6243  
53.5160 -8.6923 93.3007  
53.5490 -9.3632 17.4719  
53.5820 -9.6545 28.5643  
53.6140 -9.6380 38.1681  
53.6480 -9.5550 -8.1385  
53.6830 -9.3366 48.1825  
53.7150 -8.7717 76.1454  
53.7490 -7.8656 76.6598  
53.7810 -6.6557 85.4541  
53.8150 -4.9198 65.0683  
53.8490 -3.2877 62.7774  
53.8820 -1.5881 37.9278  
53.9160 0.1318 33.7089  
53.9480 1.8379 35.0267  
53.9820 3.4027 -49.4304  
54.0480 4.7814 -2.6687  
54.0820 6.0696 45.0774  
54.1150 6.9851 -33.9565  
54.1480 7.4987 -38.9343  
54.1810 7.6299 -48.8168  
54.2150 7.3435 -60.0736  
54.2480 6.7055 -68.5986  
54.2820 5.6925 -76.5973  
54.3150 4.2935 -82.9817  
54.3490 2.8212 -71.0260  
54.3810 1.2134 -47.8210  
54.4150 -0.4833 18.9402  
54.4480 -2.1932 -37.9962  
54.4820 -3.8505 -22.2900  
54.5190 -5.4094 -16.9388  
54.5430 -6.5206 101.4169  
54.5810 -7.6668 -68.7710  
54.6160 -8.5039 13.8770  
54.6490 -8.9864 24.5139  
54.6820 -9.1149 34.0518  
54.7160 -8.9468 42.2656  
54.7500 -8.8561 -3.8596  
54.7820 -8.4748 51.6482  
54.8150 -7.7218 89.6767  
54.8490 -6.6326 80.4348  
54.8820 -5.5573 69.5531  
54.9150 -4.0097 63.9446  
54.9480 -2.3607 45.4330  
54.9820 -0.8168 -7.1333  
55.0150 0.9123 90.1835  
55.0490 2.3431 -45.4605  
55.0820 3.8603 22.2097  
55.1150 5.1613 -15.4492  
55.1480 6.1264 -12.0945  
55.1820 6.9443 37.1280  
55.2150 7.2455 -87.0092  
55.2480 7.4049 20.9627  
55.2820 7.2024 -62.3459  
55.3150 6.7918 -70.4238  
55.3480 5.8108 -82.6503  
55.3820 4.7368 -72.8047  
55.4150 3.2912 -90.4061  
55.4480 1.7015 -59.1170  
55.4820 0.2470 28.0500  
55.5150 -1.4678 -40.6518  
55.5480 -2.9982 -31.1362  
55.5820 -4.6694 -21.0523  
55.6150 -6.1679 -11.9084  
55.6480 -7.6779 -73.8991  
55.6850 -8.6409 74.1099  
55.7150 -9.2898 22.2152  
55.7480 -9.5550 25.8405  
55.7820 -9.4902 39.6874  
55.8150 -9.3684 46.1922  
55.8490 -9.1409 -8.4039  
55.8820 -8.5451 80.4998  
55.9150 -7.6041 82.9216  
55.9490 -6.3509 80.2307  
55.9810 -4.6289 70.3310  
56.0150 -2.9633 64.0421  
56.0490 -1.4189 -16.0653  
56.0810 0.3125 85.1180  
56.1150 1.9594 14.8169  
56.1490 3.3318 -35.8670  
56.1820 5.0568 98.1400  
56.2150 6.1699 -104.9005  
56.2490 7.1696 47.1293  
56.2830 7.7676 -37.9195  
56.3150 8.0372 -32.2671  
56.3480 7.9003 -57.2327  
56.3850 7.6111 -55.9258  
56.4150 6.8212 -76.0920  
56.4490 5.7072 -80.4988  
56.4810 4.4169 -93.2231  
56.5150 2.5808 -65.2574  
56.5480 1.1713 24.3418  
56.5820 -0.5415 -42.0306  
56.6150 -2.2281 -31.1748  
56.6480 -3.9098 -29.7887  
56.6820 -5.4564 -15.8066  
56.7160 -6.6609 39.7701  
56.7480 -7.7722 -42.2557  
56.7820 -8.5613 14.2946  
56.8150 -8.9712 24.5074  
56.8490 -9.0469 33.0558  
56.8820 -9.0591 43.5375  
56.9150 -8.9551 -8.0516  
56.9540 -8.5678 46.2574  
56.9870 -7.7838 90.3982  
57.0150 -6.6857 93.0175  
57.0490 -5.4633 76.3148  
57.0860 -3.8898 58.3533  
57.1150 -2.2266 47.6731  
57.1490 -0.5268 34.5692  
57.1820 1.1887 38.8083  
57.2150 2.6106 -45.4469  
57.2490 4.0691 2.9821  
57.2820 5.3507 1.0331  
57.3160 6.4983 48.3316  
57.3490 7.2935 -27.8433  
57.3810 7.5560 -85.4223  
57.4150 7.5240 -23.0721  
57.4490 7.2500 -30.5605  
57.4820 6.6354 -67.5550  
57.5150 5.6326 -78.8362  
57.5480 4.5195 -78.8797  
57.5810 3.1240 -82.5044  
57.6150 1.7692 12.9827  
57.6480 0.1104 -42.3446  
57.6820 -1.5907 -39.4646  
57.7160 -3.1123 -27.5854  
57.7480 -4.6181 -19.5694  
57.7850 -6.0484 -7.7127  
57.8150 -7.4525 -65.5435  
57.8480 -8.3802 65.5186  
57.8820 -8.9810 19.6098  
57.9150 -9.2151 28.5776  
57.9480 -9.3586 40.8720  
57.9820 -9.2128 43.9622  
58.0160 -8.9571 -7.1369  
58.0490 -8.3328 83.2782  
58.0820 -7.3877 78.2393  
58.1150 -6.1536 78.9217  
58.1490 -4.4896 68.5977  
58.1820 -2.7937 75.2019  
58.2150 -1.2584 -28.4535  
58.2490 0.4355 74.3495  
58.2820 2.1052 33.5620  
58.3150 3.5585 -20.2796  
58.3490 5.2757 70.5015  
58.3820 6.3516 -111.1000  
58.4150 7.2990 39.3190  
58.4480 7.7131 -82.6840  
58.4850 7.9230 7.8680  
58.5150 7.7213 -54.5163  
58.5480 7.4068 -62.6113  
58.5830 6.5973 -69.2135  
58.6160 5.4157 -79.2039  
58.6490 4.0197 -85.2262  
58.6820 2.1946 -57.4344  
58.7150 0.7849 14.8104  
58.7480 -0.8796 -37.8910  
58.7820 -2.3831 -32.8888  
58.8180 -4.0050 -24.8207  
58.8480 -5.5117 -16.1169  
58.9160 -6.8171 -0.7907  
58.9480 -7.8227 18.0085  
58.9820 -8.4861 23.7742  
59.0150 -8.7469 36.7933  
59.0480 -8.6834 40.7961  
59.0820 -8.5118 46.1787  
59.1170 -8.1738 11.8524  
59.1510 -7.4621 76.9954  
59.1820 -6.4006 84.0115  
59.2160 -5.0622 67.2042  
59.2490 -3.5044 64.9014  
59.2820 -1.9747 8.9183  
59.3160 -0.3024 65.7170  
59.3490 1.3680 36.2105  
59.3820 2.9167 3.9282  
59.4150 4.1982 -33.4052  
59.4490 5.4084 -8.7506  
59.4820 6.5158 48.1655  
59.5190 7.2504 -30.3657  
59.5490 7.5000 -85.4861  
59.5820 7.4018 -40.5071  
59.6150 7.1878 -26.1649  
59.6490 6.5569 -56.9138  
59.6820 5.5723 -70.9697  
59.7150 4.3144 -78.8797  
59.7490 2.9004 -78.3299  
59.7820 1.5663 15.1688  
59.8150 -0.0695 -43.2320  
59.8480 -1.7181 -37.9375  
59.8820 -3.2130 -30.2265  
59.9150 -4.6369 -18.9713  
59.9490 -5.9994 -7.3752  
59.9820 -7.1883 -5.9832  
60.0150 -8.0891 16.2942  
60.0480 -8.6719 17.5085  
60.0820 -8.8850 30.3978  
60.1150 -9.0133 40.8457  
60.1490 -8.8495 43.9794  
60.1820 -8.5598 0.2170  
60.2160 -7.9016 78.1437  
60.2490 -6.9264 77.0685  
60.2820 -5.6787 75.0085  
60.3160 -4.1932 64.1127  
60.3490 -2.5886 52.4144  
60.3820 -1.0712 -8.9413  
60.4150 0.5916 75.3857  
60.4490 2.2219 30.0787  
60.4820 3.6595 -13.0516  
60.5160 5.3333 69.6466  
60.5480 6.3575 -119.9605  
60.5810 7.2545 38.5236  
60.6160 7.6337 -77.2277  
60.6480 7.7151 -24.9136  
60.6830 7.5538 -19.9530  
60.7150 7.2394 -57.0557  
60.7490 6.4339 -71.2645  
60.7830 5.2648 -76.8744  
60.8150 3.8370 -94.2857  
60.8490 2.0207 -44.6264  
60.8820 0.5369 -15.5543  
60.9150 -1.1251 -15.4903  
60.9490 -2.6196 -30.2578  
60.9820 -4.1149 -24.3662  
61.0150 -5.5887 -14.6616  
61.0820 -6.8763 0.5416  
61.1150 -7.8729 14.7572  
61.1480 -8.5094 29.9226  
61.1820 -8.7317 33.0848  
61.2150 -8.6618 42.5443  
61.2490 -8.5553 -4.3138  
61.2820 -8.1812 65.6059  
61.3160 -7.4440 76.5319  
61.3430 -6.3524 101.4788  
61.3820 -4.9847 58.3867  
61.4160 -3.4219 58.4385  
61.4490 -1.8923 4.7079  
61.4820 -0.2182 73.7109  
61.5150 1.4430 30.1971  
61.5490 2.8320 -38.7878  
61.6160 4.2357 0.0000  
61.6490 5.5807 47.8444  
61.6820 6.5542 -33.7485  
61.7150 6.9932 -78.9080  
61.7490 7.1609 -12.8401  
61.7820 6.9695 -48.6126  
61.8160 6.5402 -65.4192  
61.8490 5.6198 -75.0798  
61.8820 4.3496 -75.8220  
61.9150 2.9704 -72.9724  
61.9480 1.6144 7.0254  
61.9820 -0.0422 -41.9753  
62.0150 -1.7126 -37.9538  
62.0490 -3.2076 -24.9570  
62.0820 -4.7304 -21.6844  
62.1150 -6.1143 -6.5146  
62.1490 -7.2811 -1.5814  
62.1820 -8.1606 12.0116  
62.2160 -8.7179 21.1464  
62.2480 -8.9311 32.3041  
62.2820 -9.0416 36.9974  
62.3160 -8.8509 46.6239  
62.3490 -8.5504 -4.6790  
62.3820 -7.8723 88.7328  
62.4150 -6.8785 73.9497  
62.4480 -5.5993 79.9750  
62.4820 -4.0946 64.7519  
62.5160 -2.3939 69.3156  
62.5490 -0.8766 -33.8138  
62.5820 0.8201 85.7024  
62.6160 2.4790 25.9010  
62.6490 3.8543 -37.9411  
62.6820 5.4198 52.9652  
62.7150 6.4240 -81.3418  
62.7490 7.3205 40.0891  
62.7820 7.6647 -87.3745  
62.8150 7.7206 -20.6610  
62.8490 7.4418 -29.1282  
62.8820 7.0934 -54.9171  
62.9150 6.2189 -73.7152  
62.9490 4.9958 -76.6154  
62.9820 3.6140 -86.0271  
63.0150 1.9673 -27.3423  
63.0480 0.3366 -76.4475  
63.0820 -1.3345 28.1633  
63.1150 -2.8202 -31.1748  
63.1490 -4.3182 -23.6496  
63.1820 -5.7655 -14.6616  
63.2160 -7.5307 -146.8162  
63.2480 -8.5409 159.9249  
63.2820 -9.2419 14.3328  
63.3160 -9.5647 27.7306  
63.3490 -9.6804 35.4378  
63.3820 -9.3943 45.2778  
63.4160 -9.2134 -2.7613  
63.4490 -8.7071 67.4305  
63.4820 -7.8629 78.0289  
63.5160 -6.6964 80.5724  
63.5490 -4.8041 68.6641  
63.5820 -3.2251 60.1457  
63.6150 -1.5729 36.9226  
63.6490 0.1142 38.0098  
63.6820 1.7963 33.9358  
63.7160 3.1673 -47.5676  
