Tempo Angle omega x y
s degrees degrees/s  
0.0510 6.8092 36.4411  
0.0730 7.8268 -127.8420  
0.0970 8.5054 -36.8891  
0.1310 8.9460 -33.3882  
0.1650 9.0490 -36.9938  
0.1980 8.8515 -53.2062  
0.2310 8.3662 -53.0724  
0.2640 7.6479 -36.3728  
0.2980 6.3858 -80.6825  
0.3310 4.9971 -83.3488  
0.3640 3.3274 -12.2842  
0.3990 1.7393 -57.0170  
0.4310 0.1183 -37.9680  
0.4650 -1.4849 -28.1603  
0.4980 -3.0371 -22.6264  
0.5320 -4.4836 -20.5851  
0.5650 -5.7823 -8.2558  
0.5980 -7.2813 -97.0909  
0.6320 -8.1583 102.2482  
0.6650 -8.7107 15.0453  
0.6980 -9.1399 25.0220  
0.7310 -9.2578 33.8702  
0.7650 -9.1333 35.5545  
0.7980 -8.7393 52.6655  
0.8340 -8.0972 48.1649  
0.8710 -7.2571 34.5962  
0.8980 -6.1588 85.5684  
0.9320 -4.5660 51.1753  
0.9650 -3.1467 52.8013  
0.9980 -1.5898 56.7126  
1.0320 -0.0155 29.4347  
1.0650 1.5725 38.0052  
1.0970 3.1477 33.7621  
1.1320 4.5871 10.8861  
1.1650 6.0844 70.0599  
1.1980 7.5119 17.6404  
1.2310 8.4112 -90.0336  
1.2650 9.0654 -20.9130  
1.2980 9.4318 -34.4339  
1.3340 9.4851 -34.9680  
1.3650 9.3253 -36.4554  
1.3980 8.8272 -64.5141  
1.4310 8.0337 -56.7971  
1.4650 7.0306 -50.4124  
1.4980 5.5143 -85.4663  
1.5310 3.7151 -68.0936  
1.5640 2.1717 -12.5218  
1.5970 0.5750 -37.6744  
1.6310 -1.0163 -31.8604  
1.6650 -2.5937 -32.9148  
1.6980 -4.1281 -21.2197  
1.7320 -5.4819 -9.5039  
1.7650 -6.8672 -66.3409  
1.7990 -7.8622 64.3897  
1.8320 -8.5339 12.4941  
1.8640 -8.8949 26.8765  
1.8980 -9.1151 29.2437  
1.9310 -9.0870 37.5643  
1.9650 -8.8171 39.2700  
1.9980 -8.2370 60.0938  
2.0310 -7.5003 26.2249  
2.0650 -6.4373 86.4928  
2.0970 -4.9361 68.4936  
2.1310 -3.5591 27.8601  
2.1650 -2.0114 62.3361  
2.1910 -0.4372 43.2756  
2.2310 1.1629 31.3355  
2.2650 2.7396 29.5763  
2.2980 4.2584 22.9116  
2.3320 5.5793 0.1143  
2.3650 7.2050 118.6166  
2.3980 8.1625 -113.4024  
2.4320 8.8374 -18.6343  
2.4650 9.3165 -30.6447  
2.4980 9.4576 -38.1924  
2.5320 9.3731 -33.2721  
2.5640 8.9752 -58.7580  
2.5970 8.2892 -56.8363  
2.6320 7.3402 -53.5135  
2.6650 6.1604 -69.8362  
2.6980 4.3792 -63.6376  
2.7310 2.8902 -24.8575  
2.7640 1.3054 -48.2365  
2.7980 -0.3029 -36.6205  
2.8310 -1.8932 -32.7732  
2.8660 -3.4406 -20.0384  
2.8990 -4.8495 -15.0453  
2.9310 -5.8528 68.1639  
2.9650 -6.9068 -70.0055  
2.9990 -7.6857 13.1552  
3.0310 -8.1925 19.3770  
3.0650 -8.5222 27.9692  
3.0980 -8.5810 33.8309  
3.1310 -8.3820 40.4327  
3.1690 -7.8887 48.9529  
3.1980 -7.1644 55.4833  
3.2310 -6.2319 48.0517  
3.2650 -5.2526 77.9218  
3.2970 -3.9254 34.3330  
3.3320 -2.4312 60.5125  
3.3650 -0.8740 37.8528  
3.3980 0.7007 34.1498  
3.4320 2.2769 33.2350  
3.4650 3.7951 22.8863  
3.4980 5.1781 15.3876  
3.5660 6.4133 1.9316  
3.6000 7.4307 -17.4082  
3.6320 8.1073 -23.7186  
3.6650 8.5479 -38.2285  
3.6980 8.6635 -34.3079  
3.7310 8.4786 -53.2177  
3.7650 8.0058 -51.5191  
3.7990 7.2326 -55.1066  
3.8310 6.1641 -68.6906  
3.8650 4.8921 -44.9145  
3.8980 3.4444 -49.2596  
3.9320 1.8689 -55.0199  
3.9650 0.2602 -33.0509  
3.9980 -1.3182 -29.0333  
4.0320 -2.8829 -29.2717  
4.0650 -4.3296 -17.4455  
4.0980 -5.7445 -43.4837  
4.1320 -7.1511 -52.6300  
4.1650 -8.0133 98.3504  
4.1980 -8.6483 22.5505  
4.2320 -9.0506 20.6626  
4.2650 -9.1665 30.0919  
4.2980 -9.0524 36.6425  
4.3310 -8.6563 56.4093  
4.3640 -7.9997 48.7797  
4.3980 -7.1501 39.8629  
4.4320 -5.8841 80.2319  
4.4650 -4.3144 37.8142  
4.5000 -2.8950 49.7922  
4.5310 -1.3629 60.3861  
4.5650 0.1992 29.4438  
4.5970 1.7874 39.2070  
4.6310 3.3427 25.9032  
4.6650 4.7750 18.5432  
4.6980 6.1810 40.8516  
4.7320 7.6567 60.3408  
4.7650 8.4993 -109.1940  
4.7980 9.1411 -23.0183  
4.8320 9.5077 -29.7143  
4.8650 9.5611 -38.1599  
4.8980 9.4013 -34.2558  
4.9320 8.8907 -66.3084  
4.9650 8.1170 -53.0140  
4.9980 7.1155 -49.9339  
5.0310 5.7167 -79.5316  
5.0650 4.0047 -31.7733  
5.0980 2.4662 -56.6341  
5.1310 0.8820 -36.8752  
5.1640 -0.7258 -37.7589  
5.1980 -2.3034 -28.1253  
5.2310 -3.8426 -22.6560  
5.2650 -5.3136 -46.2310  
5.3320 -6.4677 21.1751  
5.3650 -7.4123 13.5831  
5.3980 -8.0242 21.2547  
5.4310 -8.4163 33.8787  
5.4640 -8.5131 32.8560  
5.4980 -8.3392 43.8392  
5.5310 -7.8563 55.8825  
5.5650 -7.1827 27.9457  
5.5980 -6.1586 83.5480  
5.6320 -4.7448 68.4104  
5.6650 -3.3781 28.6826  
5.6980 -1.8433 64.5520  
5.7310 -0.2655 34.2730  
5.7650 1.3138 33.3485  
5.7980 2.8813 29.2467  
5.8310 4.3627 19.0906  
5.8690 5.7073 12.5209  
5.8980 7.3189 124.8380  
5.9320 8.2754 -111.5849  
5.9650 8.9232 -23.0358  
5.9980 9.3880 -26.8109  
6.0310 9.5137 -38.1944  
6.0650 9.4131 -33.2736  
6.0980 8.9986 -60.7723  
6.1310 8.3251 -49.2586  
6.1650 7.4012 -55.0913  
6.1990 6.1873 -71.3176  
6.2340 4.4932 -33.7762  
6.2650 3.0041 -56.2202  
6.2980 1.4163 -52.9433  
6.3310 -0.1919 -33.0232  
6.3650 -1.7698 -28.1526  
6.4030 -3.3093 -19.6547  
6.4290 -4.6934 -17.3532  
6.4650 -5.9945 -22.1091  
6.4980 -7.2002 -27.8449  
6.5310 -7.9795 55.7257  
6.5650 -8.5705 20.6080  
6.5980 -8.9002 26.3746  
6.6320 -8.9220 39.1748  
6.6650 -8.7229 33.9015  
6.6980 -8.2421 56.3684  
6.7320 -7.6172 20.4247  
6.7650 -6.6776 81.6601  
6.7980 -5.4101 75.2760  
6.8320 -3.9313 35.1152  
6.8650 -2.4246 64.1926  
6.8970 -0.8754 35.1375  
6.9320 0.7158 36.8872  
6.9650 2.2703 29.2725  
6.9990 3.8012 25.9218  
7.0320 5.1965 15.2929  
7.0990 6.5274 0.7539  
7.1320 7.7657 53.5765  
7.1670 8.4268 -93.9220  
7.1990 8.8549 -35.4769  
7.2320 8.9613 -33.3430  
7.2650 8.7786 -53.4782  
7.2980 8.2894 -53.7897  
7.3320 7.5901 -33.3779  
7.3650 6.5288 -82.9877  
7.3980 5.2204 -59.5974  
7.4320 3.7809 -37.0522  
7.4650 1.9777 -56.6745  
7.4970 0.3815 -37.9882  
7.5310 -1.2008 -29.3433  
7.5640 -2.7563 -25.1855  
7.5990 -4.1929 -16.4621  
7.6320 -5.5534 -30.7435  
7.6650 -7.1299 -99.8341  
7.6990 -8.0140 123.0860  
7.7310 -8.6395 19.3827  
7.7650 -9.0563 24.3073  
7.7990 -9.1868 29.2068  
7.8320 -9.0748 36.6425  
7.8650 -8.6769 56.4093  
7.8990 -8.0350 47.3450  
7.9320 -7.2002 40.9580  
7.9650 -6.0400 67.8598  
7.9980 -4.3764 52.7305  
8.0320 -2.9570 51.2566  
8.0650 -1.4249 52.9388  
8.0980 0.1371 34.1236  
8.1320 1.7253 36.9007  
8.1650 3.2806 26.6881  
8.1980 4.7129 19.1051  
8.2320 6.1372 45.0187  
8.2650 7.5559 39.2465  
8.2990 8.4477 -89.1024  
8.3310 9.0895 -23.7377  
8.3650 9.4560 -29.7143  
8.3990 9.5219 -37.0375  
8.4320 9.3622 -34.2558  
8.4650 8.8515 -68.3177  
8.4980 8.0796 -52.4756  
8.5220 7.0775 -69.6437  
8.5650 5.6605 -60.8995  
8.5990 4.0059 -31.7733  
8.6310 2.4674 -58.4039  
8.6640 0.8956 -33.1048  
8.6980 -0.6997 -36.6384  
8.7310 -2.2648 -28.9868  
8.7650 -3.7791 -18.3151  
8.7990 -5.1130 -13.2570  
8.8650 -6.2738 0.0000  
8.8990 -7.2177 14.6019  
8.9320 -7.8172 25.0237  
8.9640 -8.2094 31.0507  
8.9990 -8.3062 30.9785  
9.0320 -8.1447 45.1677  
9.0650 -7.6742 55.8825  
9.0990 -6.9953 33.1694  
9.1320 -5.9962 78.1660  
9.1650 -4.7181 70.8564  
9.1990 -3.3486 26.9144  
9.2310 -1.8292 62.3435  
9.2670 -0.2799 31.2559  
9.2980 1.2954 40.4349  
9.3320 2.8503 25.8763  
9.3650 4.5638 93.2428  
9.3980 6.0455 -14.3579  
9.4320 7.7164 88.7804  
9.4650 8.6533 -144.2206  
9.4980 9.5087 46.1609  
9.5320 9.9695 -89.1460  
9.5650 10.1057 -37.9329  
9.5980 10.0170 -34.0484  
9.6310 9.6182 -55.9632  
9.6650 8.9555 -51.7559  
9.6980 7.8203 -49.9388  
9.7320 6.4704 -77.0896  
9.7650 4.6998 -36.0019  
9.7980 3.2334 -52.0371  
9.8320 1.4536 -47.3872  
9.8650 -0.1314 -32.8079  
9.8980 -1.6864 -28.8169  
9.9310 -3.2154 -26.2190  
9.9650 -4.6047 -13.1786  
9.9990 -5.9452 -37.4464  
10.0320 -7.1714 -15.2810  
10.0650 -7.9331 61.3325  
10.0990 -8.5063 20.4768  
10.1320 -8.8091 29.9218  
10.1650 -8.8432 32.6129  
10.1990 -8.6579 32.6811  
10.2320 -8.1927 55.9875  
10.2660 -7.4812 47.0046  
10.2980 -6.5480 55.2587  
10.3320 -5.2951 56.5929  
10.3650 -3.8189 52.3982  
10.3980 -2.3470 60.0029  
10.4320 -0.8207 36.4914  
10.4650 0.7187 33.9184  
10.4890 2.2628 46.7625  
10.5320 3.7708 17.4439  
10.5650 5.1567 18.9802  
10.6330 6.3751 -1.1152  
10.6650 7.3538 -19.6632  
10.6980 8.0648 -22.8345  
10.7320 8.4900 -33.1611  
10.7650 8.6049 -34.0755  
10.7980 8.4212 -52.8588  
10.8320 7.9516 -51.1728  
10.8650 7.2565 -34.3243  
10.8980 6.2149 -82.2639  
10.9320 4.9426 -49.4457  
10.9650 3.5254 -46.1705  
10.9980 1.9979 -52.5332  
11.0320 0.4249 -35.5195  
11.0650 -1.1305 -28.8467  
11.0980 -2.6723 -29.9405  
11.1320 -4.0968 -16.8295  
11.1650 -5.4485 -30.6511  
11.1980 -6.8902 -61.6011  
11.2320 -7.7684 85.9130  
11.2680 -8.4045 20.5288  
11.2980 -8.8062 27.3704  
11.3320 -8.9359 28.9989  
11.3650 -8.8370 32.6621  
11.3990 -8.4581 54.3797  
11.4320 -7.8205 48.4510  
11.4660 -6.9910 39.5949  
11.4980 -5.8383 69.3948  
11.5320 -4.3095 50.8355  
11.5650 -2.8975 53.1205  
11.5980 -1.3726 56.6167  
11.6310 0.1702 30.2770  
11.6660 1.7270 32.1936  
11.6980 3.2764 31.3866  
11.7320 4.6865 13.3639  
11.7650 5.9738 11.2767  
11.7980 7.4029 83.7585  
11.8320 8.2887 -94.5043  
11.8650 8.9261 -22.8594  
11.8990 9.2754 -33.1934  
11.9320 9.3254 -34.1041  
11.9650 9.1534 -36.9675  
11.9980 8.6545 -64.9112  
12.0320 7.9565 -29.0354  
12.0650 6.9716 -73.1706  
12.0990 5.6915 -75.8680  
12.1310 4.0277 -33.5319  
12.1650 2.4996 -54.5970  
12.1980 0.9384 -32.8801  
12.2320 -0.6336 -36.3886  
12.2650 -2.1881 -28.7882  
12.2990 -3.6824 -18.1891  
12.3320 -5.1031 -42.5912  
12.3990 -6.3170 16.1374  
12.4360 -7.2401 13.3206  
12.4650 -7.8232 28.2909  
12.4990 -8.2126 25.3923  
12.5320 -8.2964 36.3751  
12.5650 -8.1237 44.8522  
12.5990 -7.6564 50.2492  
12.6320 -6.9821 33.9446  
12.6650 -5.9898 77.6410  
12.6980 -4.6283 69.2569  
12.7320 -3.2785 28.3818  
12.7650 -1.7788 60.3375  
12.7980 -0.2489 34.0312  
12.8310 1.3198 37.9102  
12.8650 2.8563 25.8256  
12.8980 4.3154 21.3962  
12.9320 5.7790 51.5951  
12.9650 7.2689 41.9032  
12.9980 8.1937 -93.5986  
13.0320 9.0634 50.9941  
13.0650 9.5124 -98.2095  
13.0980 9.6372 -37.9214  
13.1320 9.5528 -28.4931  
13.1680 9.1412 -56.1600  
13.1980 8.4678 -57.9559  
13.2320 7.5705 -45.1067  
13.2650 6.2367 -79.1304  
13.2980 4.6457 -36.0019  
13.3320 3.1919 -50.5066  
13.3650 1.4160 -45.0627  
13.3980 -0.1564 -36.5683  
13.4320 -1.6989 -27.9693  
13.4650 -3.2309 -26.2190  
13.4990 -4.6056 -13.1786  
13.5310 -5.8278 -6.6698  
13.5650 -7.0069 -32.4402  
13.5980 -7.7686 47.3611  
13.6320 -8.3418 20.4768  
13.6650 -8.6446 29.9218  
13.6990 -8.6879 32.5925  
13.7320 -8.5026 32.7041  
13.7650 -8.0374 55.9875  
13.7990 -7.3259 47.0046  
13.8320 -6.3927 53.6059  
13.8650 -5.1928 74.3164  
13.8990 -3.7627 35.2983  
13.9320 -2.2909 60.0029  
13.9650 -0.7646 37.5972  
13.9990 0.7749 32.9208  
14.0320 2.3158 34.0091  
14.0660 3.8238 22.0614  
14.0990 5.2110 19.3958  
14.1660 6.6018 24.3882  
14.1990 7.5805 -71.2965  
14.2310 8.2385 -23.5481  
14.2650 8.6638 -33.1611  
14.2980 8.7786 -34.0755  
14.3350 8.5949 -47.1443  
14.3650 8.1253 -57.9959  
14.3990 7.3698 -51.0894  
14.4320 6.3282 -63.9507  
14.4650 5.0642 -47.9822  
14.4980 3.4748 -49.1323  
14.5320 1.9472 -50.9881  
14.5650 0.3866 -32.8483  
14.5980 -1.1688 -32.5943  
14.6320 -2.6858 -21.7879  
14.6650 -4.0857 -17.3642  
14.6980 -5.4923 -54.7355  
14.7310 -6.7746 -14.9794  
14.7650 -7.6281 64.0411  
14.7980 -8.2617 18.6529  
14.8320 -8.6510 24.1605  
14.8670 -8.7684 28.1625  
14.8940 -8.6819 35.3614  
14.9320 -8.2906 51.8947  
14.9650 -7.6654 48.4452  
14.9990 -6.8423 41.3632  
15.0320 -5.6348 61.7460  
15.0650 -4.2050 52.3760  
15.0990 -2.8199 50.9110  
15.1320 -1.3103 56.3419  
15.1640 0.2165 31.0709  
15.1990 1.7568 32.0358  
15.2320 3.3017 30.2855  
15.2680 4.7119 17.3918  
15.2980 6.0197 19.1465  
15.3320 7.3504 48.0988  
15.3650 8.2236 -76.9061  
15.3990 8.8485 -22.1789  
15.4320 9.2125 -26.5993  
15.4650 9.2780 -34.1140  
15.4990 9.1318 -33.0303  
15.5320 8.6495 -67.8681  
15.5650 7.8935 -52.6627  
15.5990 6.9180 -46.1522  
15.6320 5.6051 -84.8039  
15.6650 4.0338 -28.7703  
15.6980 2.5431 -52.4883  
15.7320 0.9945 -39.2010  
15.7650 -0.5740 -32.6225  
15.7980 -2.1287 -29.9127  
15.8320 -3.6283 -16.8656  
15.8660 -4.9486 -13.1058  
15.9320 -6.0951 0.0000  
15.9660 -7.0278 16.7267  
15.9980 -7.6068 23.0562  
16.0350 -7.9963 25.5691  
16.0650 -8.1019 36.9094  
16.0990 -7.9169 46.2710  
16.1320 -7.4642 48.4767  
16.1650 -6.7834 39.2209  
16.1990 -5.7896 75.1939  
16.2320 -4.5440 62.8007  
16.2650 -3.2008 29.5769  
16.2990 -1.7039 61.9279  
16.3320 -0.1814 30.1063  
16.3650 1.3710 37.7246  
16.3980 2.9000 26.4772  
16.4320 4.3467 22.0774  
16.4650 5.6467 3.9994  
16.4980 7.2970 145.3902  
16.5320 8.2161 -139.8730  
16.5650 8.8651 -19.0601  
16.5980 9.3160 -30.4250  
16.6320 9.4438 -33.1304  
16.6650 9.3598 -34.0484  
16.6990 8.9522 -58.5855  
16.7320 8.2833 -52.6872  
16.7650 7.3657 -52.6187  
16.7980 6.1941 -72.9853  
16.8320 4.4252 -34.5358  
16.8650 2.9712 -48.7062  
16.8990 1.4096 -50.1422  
16.9320 -0.1470 -28.9099  
16.9650 -1.7019 -33.6269  
16.9990 -3.2305 -25.3094  
17.0320 -4.6052 -13.7206  
17.0650 -5.5334 82.6022  
17.0990 -6.5682 -82.3915  
17.1320 -7.3175 13.4894  
17.1650 -7.8757 22.3723  
17.1990 -8.1908 24.1810  
17.2220 -8.2247 48.1802  
17.2650 -8.0552 25.0985  
17.2990 -7.5901 54.3408  
17.3320 -6.9567 24.8718  
17.3650 -6.0236 77.1414  
17.3990 -5.0999 77.3950  
17.4320 -3.8186 23.4756  
17.4640 -2.3590 69.6022  
17.4990 -0.8493 35.4488  
17.5320 0.6902 33.9184  
17.5650 2.2484 39.2523  
17.6020 3.7718 19.7653  
17.6320 5.1277 5.7502  
17.6990 6.4064 0.7299  
17.7320 7.3991 -9.5459  
17.7650 8.0267 -30.8587  
17.7990 8.4642 -33.1507  
17.8320 8.5666 -34.0663  
17.8650 8.3829 -49.0776  
17.8990 7.9133 -51.1728  
17.9320 7.1404 -52.6376  
17.9660 6.0651 -67.4699  
17.9990 4.7727 -60.5218  
18.0320 3.3854 -27.2814  
18.0650 1.8344 -59.1817  
18.0990 0.2740 -32.7039  
18.1310 -1.2689 -29.7482  
18.1650 -2.7816 -24.1605  
18.1990 -4.1938 -18.1043  
18.2320 -5.4472 -4.6059  
18.2650 -6.9434 -126.1864  
18.2980 -7.7785 130.7923  
18.3320 -8.3647 14.4859  
18.3650 -8.7787 24.8822  
18.3980 -8.8865 33.6077  
18.4320 -8.7753 31.7114  
18.4650 -8.3964 52.2872  
18.4980 -7.8826 15.9623  
18.5320 -7.0659 71.0193  
18.5650 -6.0238 63.6646  
18.5980 -4.3925 52.3722  
18.6320 -3.0197 50.9041  
18.6650 -1.5103 56.3304  
18.6990 0.0164 29.2356  
18.7320 1.5443 33.9671  
18.7650 3.0518 26.4861  
18.7990 4.4492 18.4011  
18.8310 5.9221 40.0249  
18.8650 7.4530 88.0626  
18.8990 8.3259 -131.7141  
18.9320 8.9506 -22.8427  
18.9650 9.3020 -30.3843  
18.9990 9.3549 -33.0917  
19.0320 9.2087 -30.2388  
19.0650 8.7265 -67.8558  
19.0980 8.0478 -33.0385  
19.1320 7.0779 -67.2564  
19.1650 5.7004 -84.7089  
19.1980 3.8471 -53.4413  
19.2320 2.3565 -25.0239  
19.2650 0.8328 -32.8910  
19.2980 -0.6983 -32.6322  
19.3320 -2.2280 -32.6572  
19.3660 -3.7275 -20.4877  
19.3980 -5.0353 -10.0765  
19.4660 -6.2219 1.8038  
19.4990 -7.1351 13.5165  
19.5320 -7.6991 21.1311  
19.5650 -8.0004 26.1618  
19.5990 -8.0936 36.1905  
19.6320 -7.9333 43.9402  
19.6650 -7.4929 52.2096  
19.7000 -6.8304 31.7660  
19.7320 -5.8425 79.8771  
19.7660 -4.6723 44.1644  
19.7980 -3.3537 50.1941  
19.8320 -1.8816 58.2685  
19.8650 -0.3800 30.0916  
19.8990 1.1598 36.5941  
19.9320 2.6886 33.9816  
19.9660 4.1226 14.7608  
19.9990 5.6740 87.7626  
20.0320 7.1511 11.1967  
20.0650 8.0711 -91.3716  
20.0980 8.7828 -17.5898  
20.1320 9.2336 -29.5200  
20.1650 9.3737 -34.1241  
20.1980 9.3021 -34.0397  
20.2320 8.9194 -54.9181  
20.2660 8.2383 -54.7872  
20.2990 7.3333 -52.6157  
20.3320 5.9109 -69.0618  
20.3650 4.3335 -35.7486  
20.3990 2.8845 -50.9139  
20.4320 1.3355 -47.9111  
20.4650 -0.2121 -29.9694  
20.4990 -1.7545 -31.6096  
20.5320 -3.2543 -21.1311  
20.5650 -4.6167 -14.9300  
20.5990 -5.7965 -1.1038  
20.6320 -6.8363 -10.1774  
20.6650 -7.5862 18.7823  
20.6990 -8.1567 18.0982  
20.7320 -8.4594 28.6394  
20.7650 -8.4933 33.5802  
20.7990 -8.3204 31.7423  
20.8320 -7.8552 55.9875  
20.8650 -7.2346 25.9730  
20.8990 -6.3137 73.8037  
20.9320 -5.1268 79.4912  
20.9650 -3.8157 27.4695  
20.9980 -2.3562 63.7482  
21.0310 -0.8341 37.5972  
21.0650 0.6929 29.2588  
21.0980 2.2213 33.9983  
21.1320 3.7168 22.0536  
21.1650 5.0727 13.6936  
21.2330 6.5799 34.8570  
21.2650 7.5586 -86.7421  
21.2990 8.1871 -25.8523  
21.3320 8.5997 -37.9446  
21.3650 8.7021 -30.2770  
21.3990 8.5184 -47.6342  
21.4320 8.0612 -52.7235  
21.4650 7.3779 -34.5521  
21.5000 6.3304 -82.5941  
21.5330 5.0883 -45.2999  
21.5650 3.4566 -47.6962  
21.5990 1.9166 -54.6355  
21.6360 0.3438 -32.6312  
21.6650 -1.1989 -32.8141  
21.6990 -2.7282 -25.4314  
21.7320 -4.1528 -17.3395  
21.7650 -5.3320 21.6237  
21.7980 -6.6775 -84.9542  
21.8350 -7.5250 56.4839  
21.8650 -8.1737 16.4230  
21.8980 -8.5877 24.8719  
21.9320 -8.7050 32.6285  
21.9650 -8.5937 32.6621  
21.9990 -8.2148 50.7589  
22.0320 -7.7014 14.5395  
22.0660 -6.8902 70.7466  
22.0990 -5.9347 65.3595  
22.1320 -4.5260 52.3688  
22.1660 -3.1533 50.8974  
22.1980 -1.6440 58.0791  
22.2320 -0.1174 29.2281  
22.2650 1.4103 33.9570  
22.2990 2.9176 25.6985  
22.3320 4.3149 18.9518  
22.3660 5.7916 37.4747  
22.3980 7.2391 66.0231  
22.4310 8.1117 -108.8110  
22.4650 8.7363 -22.1629  
22.4990 9.0875 -29.4811  
22.5310 9.1529 -31.2487  
22.5690 8.9568 -42.6484  
22.5980 8.4746 -60.0239  
22.6320 7.7313 -51.1033  
22.6650 6.7593 -50.3475  
22.6990 5.3775 -83.0385  
22.7320 3.7137 -21.4505  
22.7650 2.2233 -56.2515  
22.7980 0.7122 -29.1363  
22.8320 -0.8064 -31.6724  
22.8650 -2.3237 -29.9037  
22.8980 -3.7486 -21.1198  
22.9320 -5.0365 -10.8700  
22.9990 -6.1505 0.0000  
23.0320 -7.0492 14.9300  
23.0650 -7.5958 21.1311  
23.0980 -7.9606 33.6269  
23.1320 -8.0444 28.0596  
23.1660 -7.8840 43.5330  
23.1990 -7.4437 52.2096  
23.2330 -6.7935 32.7003  
23.2660 -5.8180 77.4566  
23.2980 -4.5870 68.2852  
23.3330 -3.2484 30.7362  
23.3540 -1.7640 92.9554  
23.3980 -0.2499 22.5742  
23.4320 1.2652 32.9392  
23.4650 2.7848 30.2448  
23.4990 4.2188 18.3878  
23.5310 5.5236 13.4633  
23.5650 7.1477 126.6193  
23.5990 8.0309 -142.7550  
23.6320 8.6233 -21.8857  
23.6650 9.0241 -25.4796  
23.6980 9.1218 -32.6836  
23.7360 9.0126 -28.3188  
23.7650 8.6124 -61.6949  
23.7980 7.9339 -54.0980  
23.8320 7.0265 -48.9478  
23.8650 5.8571 -66.3552  
23.8980 4.1564 -30.5161  
23.9320 2.7871 -45.2989  
23.9650 1.3384 -45.9245  
23.9990 -0.1446 -34.8242  
24.0320 -1.5990 -24.0289  
24.0650 -3.0286 -25.0925  
24.0990 -4.3223 -12.6439  
24.1320 -5.3292 32.7778  
24.1650 -6.2879 -35.7808  
24.1980 -6.9941 10.1507  
24.2320 -7.5328 19.6294  
24.2650 -7.8348 25.0640  
24.2980 -7.8821 31.2500  
24.3320 -7.6928 34.7795  
24.3650 -7.2708 46.4897  
24.3980 -6.6847 24.6146  
24.4350 -5.7966 70.0193  
24.4650 -4.7819 78.2245  
24.4990 -3.5632 25.2928  
24.5320 -2.1764 61.0885  
24.5650 -0.7375 36.0209  
24.5990 0.7140 28.0269  
24.6320 2.1579 28.9381  
24.6650 3.5673 25.3783  
24.6980 4.8712 14.5283  
24.7650 6.0985 0.6988  
24.7980 7.0187 -14.6004  
24.8320 7.6079 -28.2854  
24.8650 8.0067 -31.6584  
24.8990 8.1077 -28.2875  
24.9350 7.9220 -46.6406  
24.9650 7.4854 -51.8541  
24.9980 6.8430 -33.4159  
25.0320 5.8568 -76.5154  
25.0650 4.5822 -72.8378  
25.0990 3.2482 -16.0882  
25.1320 1.7845 -53.9301  
25.1650 0.3249 -27.8809  
25.1980 -1.1333 -31.2304  
25.2320 -2.5780 -24.3404  
25.2650 -3.9215 -20.2016  
25.2980 -5.1946 -25.7954  
25.3320 -6.6905 -97.9621  
25.3650 -7.5080 126.7261  
25.3980 -8.0304 16.6149  
25.4320 -8.4152 24.3474  
25.4650 -8.5277 28.6105  
25.4980 -8.4448 31.3010  
25.5320 -8.0936 48.6288  
25.5660 -7.5963 18.6218  
25.6010 -6.8137 62.4562  
25.6380 -5.7447 54.4257  
25.6550 -4.1756 98.1746  
25.6990 -2.8581 37.8797  
25.7320 -1.4165 54.2366  
25.7650 0.0381 28.9964  
25.7980 1.5062 32.6926  
25.8320 2.9550 24.7379  
25.8650 4.2941 16.8404  
25.8990 5.6866 34.3290  
25.9320 7.0015 42.7208  
25.9680 7.8378 -76.9904  
25.9990 8.4351 -23.2821  
26.0320 8.7733 -27.9833  
26.0650 8.8243 -32.8170  
26.0990 8.6595 -35.3104  
26.1320 8.1952 -58.0670  
26.1650 7.5448 -30.9301  
26.1990 6.6133 -66.3034  
26.2320 5.3177 -74.9821  
26.2650 3.7901 -27.5737  
26.2990 2.3737 -48.8198  
26.3310 0.9136 -36.2076  
26.3650 -0.5608 -31.3599  
26.3990 -2.0179 -26.7789  
26.4320 -3.4100 -16.6521  
26.4660 -4.7354 -36.7679  
26.5320 -5.8691 13.5811  
26.5660 -6.7420 10.4045  
26.5990 -7.2889 23.8182  
26.6320 -7.6503 28.6253  
26.6650 -7.7543 27.6951  
26.6990 -7.5889 45.1833  
26.7320 -7.1649 46.0374  
26.7650 -6.5424 32.5338  
26.7990 -5.6195 72.2300  
26.8320 -4.4276 43.6135  
26.8650 -3.1697 47.1825  
26.8990 -1.7563 56.1062  
26.9320 -0.3140 32.5946  
26.9650 1.1416 32.6661  
26.9990 2.6019 28.2502  
27.0320 3.9642 16.8642  
27.0650 5.2112 11.1017  
27.0990 6.6873 98.9234  
27.1310 7.5733 -107.6192  
27.1650 8.2432 -21.2420  
27.1990 8.6733 -24.7302  
27.2320 8.8048 -32.6836  
27.2650 8.7211 -32.6095  
27.2980 8.3507 -54.2167  
27.3320 7.7177 -49.0090  
27.3660 6.8506 -52.4458  
27.3990 5.7280 -66.3552  
27.4320 4.1683 -30.5161  
27.4650 2.7990 -46.6716  
27.4990 1.3385 -48.0527  
27.5320 -0.1445 -32.2951  
27.5660 -1.5989 -23.3222  
27.5990 -3.0285 -25.0925  
27.6320 -4.3222 -13.0270  
27.6660 -5.3117 40.4581  
27.6990 -6.4224 -90.7675  
27.7320 -7.1168 59.8032  
27.7660 -7.6516 17.3196  
27.7990 -7.9418 27.4483  
27.8340 -7.9625 30.3141  
27.8690 -7.7732 29.5636  
27.8990 -7.3394 55.0685  
27.9320 -6.7362 26.2315  
27.9640 -5.8480 75.6154  
27.9990 -4.9306 47.6472  
28.0320 -3.5599 46.6305  
28.0650 -2.2205 50.2962  
28.0990 -0.7855 45.4364  
28.1320 0.6542 28.8762  
28.1650 2.0953 32.5601  
28.1990 3.5047 21.1164  
28.2320 4.7810 9.7431  
28.2990 5.9921 3.1869  
28.3320 6.9002 -18.5138  
28.3650 7.5693 -21.8568  
28.3980 7.9767 -32.7110  
28.4320 8.1223 -28.1572  
28.4650 7.9463 -50.6451  
28.4990 7.5083 -49.0400  
28.5330 6.7963 -48.9666  
28.5690 5.8279 -51.3006  
28.5990 4.6290 -66.0910  
28.6320 3.3060 -31.1452  
28.6650 1.8570 -56.7175  
28.6990 0.3972 -24.3580  
28.7320 -1.0577 -31.2401  
28.7650 -2.5114 -28.6566  
28.7980 -3.8411 -13.0539  
28.8320 -5.1993 -57.4382  
28.8660 -6.5107 -35.1782  
28.8980 -7.3225 98.4049  
28.9310 -7.8888 14.2820  
28.9660 -8.2737 22.4871  
28.9990 -8.3888 25.0309  
29.0320 -8.3178 31.3010  
29.0660 -7.9666 52.0981  
29.0990 -7.3676 46.4293  
29.1320 -6.5910 40.7568  
29.1660 -5.4236 57.5306  
29.1990 -3.9827 46.6128  
29.2320 -2.6908 50.2625  
29.2650 -1.2679 53.9738  
29.2990 0.1595 24.5027  
29.3320 1.6236 36.1426  
29.3650 3.0860 30.7685  
29.3990 4.4087 11.0108  
29.4320 5.6276 14.9918  
29.4650 6.8370 37.8599  
29.4990 7.6495 -59.2048  
29.5320 8.2480 -18.2228  
29.5650 8.5846 -29.0976  
29.5990 8.6353 -31.6971  
29.6200 8.4833 -56.8927  
29.6660 8.0094 -44.0441  
29.6990 7.2793 -46.8604  
29.7320 6.3559 -47.2155  
29.7660 5.1147 -78.9520  
29.7990 3.6750 -22.2714  
29.8310 2.2588 -55.5805  
29.8650 0.7987 -30.5864  
29.8990 -0.6686 -30.3405  
29.9320 -2.1226 -28.6407  
29.9650 -3.5120 -16.6521  
29.9990 -4.7416 -12.5614  
30.0660 -5.8048 1.7522  
30.0990 -6.6694 12.9555  
30.1320 -7.1988 20.2471  
30.1650 -7.5602 28.6253  
30.1990 -7.6524 26.8805  
30.2320 -7.4869 46.5525  
30.2650 -7.0650 46.4570  
30.2990 -6.4426 31.1697  
30.3330 -5.5196 72.2300  
30.3660 -4.4100 43.6135  
30.3980 -3.1583 48.1060  
30.4320 -1.7475 59.3297  
30.4660 -0.3203 24.4860  
30.4990 1.1196 32.4982  
30.5320 2.5638 28.9549  
30.5650 3.9261 21.7633  
30.5990 5.3147 52.8139  
30.6320 6.8033 62.4381  
30.6660 7.6608 -113.4156  
30.6990 8.3186 -16.8642  
30.7310 8.7505 -22.5186  
30.7660 8.8608 -34.2355  
30.7990 8.7923 -28.9828  
30.8320 8.4137 -61.4355  
30.8660 7.7849 -45.5004  
30.8980 6.9512 -41.6053  
30.9320 5.6856 -74.1935  
30.9660 4.0000 -62.9203  
30.9990 2.6593 -12.3606  
31.0320 1.2227 -45.9245  
31.0650 -0.2603 -35.8795  
31.0990 -1.7027 -23.3222  
31.1320 -3.1164 -20.2587  
31.1650 -4.3862 -17.8608  
31.1990 -5.6652 -48.1650  
31.2320 -6.7529 17.5894  
31.2660 -7.4473 41.4974  
31.2990 -7.8689 17.8444  
31.3320 -8.1709 23.8716  
31.3650 -8.2152 32.1590  
31.3990 -8.0377 30.4223  
31.4320 -7.6156 50.0699  
31.4660 -7.0449 24.0761  
31.4960 -6.1744 80.2662  
31.5320 -4.9794 44.6582  
31.5660 -3.6767 48.7346  
31.6040 -2.3611 40.5496  
31.6310 -0.9499 57.1934  
31.6650 0.4897 31.5187  
31.6990 1.9306 31.5935  
31.7320 3.3398 21.7493  
31.7650 4.6271 13.1228  
31.8320 5.8252 -1.0994  
31.8650 6.7389 -13.2077  
31.8990 7.4197 -21.2072  
31.9320 7.8269 -32.7017  
31.9650 7.9843 -29.0033  
31.9990 7.8083 -52.6514  
32.0320 7.3703 -46.9074  
32.0660 6.6958 -37.9633  
32.0990 5.7215 -69.1008  
32.1320 4.4597 -73.9978  
32.1660 3.1544 -14.9623  
32.1990 1.7174 -53.1266  
32.2320 0.2459 -32.2735  
32.2660 -1.2088 -26.8283  
32.2990 -2.6506 -25.0780  
32.3320 -3.9564 -13.0539  
32.3660 -5.1851 -22.8313  
32.3990 -6.4998 -65.1875  
32.4320 -7.2937 88.7107  
32.4660 -7.7964 13.8619  
32.4990 -8.1694 23.8499  
32.5320 -8.2845 25.0309  
32.5650 -8.1898 31.3010  
32.5990 -7.8386 48.6288  
32.6320 -7.2396 50.0037  
32.6660 -6.4803 34.4861  
32.6980 -5.4423 62.8190  
32.7320 -4.0235 48.7207  
32.7650 -2.7317 50.2625  
32.7990 -1.3059 53.2446  
32.8320 0.1216 24.3609  
32.8660 1.5738 31.5672  
32.8990 3.0183 28.9811  
32.9320 4.3454 14.5184  
32.9650 5.5755 20.6134  
32.9990 6.9310 71.3609  
33.0320 7.7553 -100.0518  
33.0650 8.3418 -21.8639  
33.0990 8.6664 -28.2334  
33.1320 8.7142 -29.0251  
33.1650 8.5622 -36.2045  
33.1990 8.1002 -59.5890  
33.2380 7.4485 -24.1385  
33.2680 6.5300 -72.9282  
33.2980 5.2943 -83.0734  
33.3330 3.7258 -25.7823  
33.3660 2.3214 -50.2992  
33.3980 0.8733 -36.2076  
33.4320 -0.5854 -31.3599  
33.4650 -2.0394 -27.5904  
33.4990 -3.4289 -16.1623  
33.5360 -4.6629 -12.7499  
33.5650 -6.1052 -104.2911  
33.5980 -6.9871 103.5499  
33.6320 -7.5726 13.8605  
33.6650 -8.0009 20.2742  
33.6980 -8.1689 28.6080  
33.7320 -8.1177 30.3838  
33.7660 -7.8181 41.6863  
33.7990 -7.3584 20.9273  
33.8330 -6.6397 60.0167  
33.8650 -5.6287 76.6003  
33.8980 -4.0997 65.3315  
33.9320 -2.8434 20.2991  
33.9650 -1.4295 62.0248  
33.9990 0.0012 24.6187  
34.0320 1.4573 36.3136  
34.0650 2.8899 24.1836  
34.0990 4.2668 25.3152  
34.1320 5.5923 5.3361  
34.1650 6.9649 76.0998  
34.1980 7.8141 -84.3314  
34.2330 8.3874 -17.2007  
34.2650 8.7956 -30.0374  
34.2980 8.9033 -29.0586  
34.3320 8.8315 -28.1457  
34.3650 8.4371 -61.4612  
34.3990 7.8082 -45.5125  
34.4320 6.9707 -37.1076  
34.4660 5.8663 -73.3088  
34.4990 4.2945 -65.5633  
34.5320 2.9488 -15.7997  
34.5650 1.4999 -49.5291  
34.5990 0.0406 -31.3289  
34.6320 -1.4141 -27.6343  
34.6660 -2.8439 -20.8642  
34.6990 -4.1140 -13.0584  
34.7330 -5.2938 -18.9374  
34.7650 -6.2754 23.6849  
34.7990 -6.9955 3.5781  
34.8320 -7.4442 16.6687  
34.8650 -7.7464 28.6304  
34.8990 -7.7790 31.1960  
34.9320 -7.6016 31.3703  
34.9650 -7.1560 53.6242  
34.9990 -6.5053 39.4746  
35.0370 -5.6211 50.0841  
35.0670 -4.5135 53.0122  
35.0990 -3.3279 48.0934  
35.1320 -2.0002 46.7090  
35.1680 -0.5700 43.7794  
35.1980 0.8735 35.9171  
35.2320 2.3148 30.5448  
35.2650 3.7244 21.7657  
35.2980 4.9930 10.8993  
35.3660 6.1274 0.0000  
35.3990 7.0280 -13.1774  
35.4320 7.6854 -25.5065  
35.4650 8.0809 -32.7141  
35.4990 8.2266 -28.1595  
35.5320 8.0475 -50.6484  
35.5650 7.5939 -50.5283  
35.6000 6.8700 -47.5687  
35.6320 5.8914 -57.1253  
35.6650 4.6671 -63.5776  
35.6980 3.3496 -28.2243  
35.7320 1.8977 -52.3326  
35.7650 0.4379 -27.8961  
35.7990 -1.0053 -26.8523  
35.8320 -2.4472 -28.6460  
35.8650 -3.7652 -13.0719  
35.8990 -4.8593 16.7920  
35.9320 -6.1088 -97.5612  
35.9660 -6.9107 77.8997  
35.9990 -7.4557 14.2763  
36.0320 -7.8288 23.8643  
36.0660 -7.9296 27.7528  
36.0990 -7.8350 31.3259  
36.1320 -7.4838 50.0830  
36.1660 -6.8848 45.0573  
36.1990 -6.1178 37.8534  
36.2320 -5.2145 58.6135  
36.2660 -3.8236 48.7249  
36.2980 -2.5435 48.1356  
36.3320 -1.1324 52.3895  
36.3650 0.3106 33.5176  
36.3980 1.7551 29.0667  
36.4320 3.1761 23.4626  
36.4650 4.4916 18.1531  
36.4980 5.7377 25.3544  
36.5320 7.1783 93.9697  
36.5650 7.9908 -131.7147  
36.5990 8.5656 -21.2231  
36.6320 8.9022 -25.4590  
36.6650 8.9530 -32.6604  
36.6990 8.7379 -45.6707  
36.7320 8.2719 -46.9430  
36.7660 7.5715 -45.4879  
36.7990 6.6609 -45.5440  
36.8190 5.4193 -123.6802  
36.8650 3.7580 -21.7714  
36.8990 2.3655 -48.8105  
36.9310 0.9292 -36.2220  
36.9660 -0.5179 -27.0674  
36.9990 -1.9364 -24.0326  
37.0320 -3.2666 -20.2626  
37.0650 -4.4772 -10.7120  
37.1330 -5.5331 0.0000  
37.1660 -6.3916 14.2806  
37.1990 -6.9359 20.2742  
37.2320 -7.2856 28.6080  
37.2650 -7.3778 27.7211  
37.2990 -7.2006 45.1643  
37.3320 -6.7766 46.0644  
37.3660 -6.1697 30.4754  
37.3990 -5.2509 74.2627  
37.4320 -4.0833 64.6940  
37.4650 -2.8388 23.2756  
37.4990 -1.4516 55.8473  
37.5320 -0.0242 32.4458  
37.5660 1.4042 28.0509  
37.5980 2.8247 26.1336  
37.6320 4.1635 21.1255  
37.6660 5.5221 50.5581  
37.6990 7.1230 104.7916  
37.7320 7.9731 -153.2499  
37.7660 8.5540 -16.3528  
37.7990 8.9621 -29.1181  
37.8350 9.0844 -26.6298  
37.8650 9.0040 -31.8909  
37.8990 8.6254 -59.6426  
37.9320 8.0204 -43.2819  
37.9650 7.1779 -50.1901  
37.9990 5.9571 -60.7266  
38.0320 4.2763 -34.5852  
38.0660 2.9472 -45.2865  
38.0990 1.5221 -45.9465  
38.1320 0.0748 -35.8609  
38.1650 -1.3560 -24.0551  
38.1990 -2.7581 -19.6894  
38.2320 -4.0046 -14.2763  
38.2660 -5.0620 13.5861  
38.2990 -6.1424 -57.1604  
38.3320 -6.8503 50.3028  
38.3670 -7.3891 15.7281  
38.3990 -7.6794 29.5173  
38.4320 -7.7149 31.2836  
38.4660 -7.5257 31.2842  
38.4990 -7.0919 50.0455  
38.5360 -6.4381 41.3849  
38.5650 -5.5834 53.0216  
38.5990 -4.5420 68.4929  
38.6320 -3.2010 33.6274  
38.6710 -1.8970 33.0789  
38.6970 -0.4817 63.9854  
38.7160 0.9345 50.1575  
38.7660 2.3429 19.1009  
38.7990 3.7287 25.3810  
38.8320 5.1789 69.5501  
38.9000 6.6079 19.4028  
38.9330 7.5052 -114.5139  
38.9660 8.0856 -25.4923  
38.9990 8.4470 -32.6980  
39.0320 8.5957 -25.3784  
39.0660 8.4317 -43.0374  
39.1020 7.9969 -48.7531  
39.1320 7.2882 -59.4948  
39.1650 6.3021 -58.6268  
39.2000 4.9013 -52.9621  
39.2330 3.2734 -28.7984  
39.2650 1.8599 -51.1082  
39.2990 0.4240 -31.3072  
39.3320 -0.9834 -24.0927  
39.3660 -2.4016 -27.7939  
39.3990 -3.7284 -16.6595  
39.4320 -4.8712 2.5969  
39.4660 -6.3264 -144.3919  
39.4990 -7.1058 146.1705  
39.5320 -7.6409 17.8413  
39.5660 -8.0140 19.7039  
39.5980 -8.1292 29.4854  
39.6320 -8.0346 30.4074  
39.6660 -7.6952 48.6080  
39.6990 -7.1260 40.9861  
39.7320 -6.3578 43.6682  
39.7660 -5.4059 56.5252  
39.7990 -3.7856 53.7967  
39.8320 -2.4766 51.8464  
39.8650 -1.0891 41.6139  
39.8990 0.3266 28.0038  
39.9320 1.7553 32.5291  
39.9660 3.1643 24.6132  
39.9990 4.4680 18.1486  
40.0320 5.8002 49.6457  
40.0650 7.4570 142.0359  
40.0980 8.2575 -201.2352  
40.1320 8.8204 -17.6845  
40.1650 9.1162 -29.0941  
40.1990 9.1789 -28.1757  
40.2320 8.9791 -50.6719  
40.2660 8.5319 -41.2152  
40.2990 7.8501 -45.7096  
40.3320 6.9530 -47.1039  
40.3660 5.6248 -78.6106  
40.3990 3.7580 -21.1922  
40.4320 2.3774 -53.8762  
40.4650 0.9529 -31.5425  
40.4990 -0.4789 -30.3661  
40.5320 -1.8975 -25.0399  
40.5650 -3.2158 -20.2656  
40.6020 -4.3890 1.3263  
40.6660 -5.4279 -2.5911  
40.6990 -6.2880 7.1064  
40.7320 -6.8139 20.2773  
40.7650 -7.1754 28.6061  
40.7990 -7.2559 30.3865  
40.8320 -7.0905 42.9475  
40.8650 -6.6686 46.4420  
40.8990 -6.0602 30.5489  
40.9360 -5.1436 65.2260  
40.9650 -4.0301 69.5896  
40.9990 -2.8056 27.7781  
41.0330 -1.4302 51.2642  
41.0650 -0.0266 29.7337  
41.1000 1.3898 30.6458  
41.1320 2.7866 26.1279  
41.1650 4.1134 21.7604  
41.1990 5.4606 51.0532  
41.2320 7.0261 97.6387  
41.2700 7.8545 -130.4707  
41.3020 8.4374 -13.6395  
41.3180 8.8298 -60.0426  
41.3660 8.9521 -19.9684  
41.4010 8.8716 -30.7432  
41.4160 8.5096 -116.1734  
41.4660 7.9143 -29.9319  
41.4990 7.0725 -52.9527  
41.5320 5.8462 -63.8898  
41.5660 4.1757 -35.9130  
41.5990 2.8587 -43.0909  
41.6320 1.4338 -45.9394  
41.6660 -0.0016 -31.3271  
41.6990 -1.4205 -24.0581  
41.7320 -2.7870 -16.7230  
41.7660 -4.0381 -17.3166  
41.7990 -5.2394 -30.2580  
41.8320 -6.2679 -0.5830  
41.8650 -6.9602 37.9806  
41.8990 -7.4753 16.1940  
41.9320 -7.7656 25.0465  
41.9660 -7.7983 31.1941  
41.9990 -7.6208 31.3733  
42.0320 -7.1989 50.0507  
42.0650 -6.5568 49.9718  
42.0990 -5.7058 44.1350  
42.1320 -4.5914 49.5786  
42.1650 -3.3161 48.1363  
42.1990 -2.0240 41.8402  
42.2320 -0.6205 50.4053  
42.2660 0.7955 28.0241  
42.2990 2.2010 28.9347  
42.3320 3.5747 21.7465  
42.3650 5.0212 72.0863  
42.4330 6.3137 1.6166  
42.4660 7.1996 -77.7414  
42.4990 7.8498 -21.8471  
42.5320 8.2333 -32.6980  
42.5650 8.3788 -29.0005  
42.5990 8.2197 -40.6451  
42.6320 7.7817 -55.6653  
42.6660 7.1395 -31.9641  
42.6990 6.1724 -76.7429  
42.7330 4.7934 -51.1436  
42.7660 3.2989 -31.6770  
42.7980 1.8974 -51.1082  
42.8330 0.4734 -27.0307  
42.8690 -0.9458 -28.6512  
42.8840 -2.3402 -47.2493  
42.9320 -3.6633 -13.9167  
42.9660 -4.7966 1.7451  
42.9990 -6.1795 -108.5361  
43.0320 -6.9569 106.7381  
43.0660 -7.5133 13.8553  
43.0990 -7.8864 23.8672  
43.1320 -8.0016 28.5919  
43.1530 -7.9188 49.2310  
43.1990 -7.5676 35.9276  
43.2320 -7.0041 42.8526  
43.2480 -6.2356 86.3807  
43.2990 -5.2812 37.6318  
43.3330 -3.8147 45.2436  
43.3660 -2.5426 47.8175  
43.3990 -1.1434 52.8248  
43.4320 0.2723 28.8524  
43.4660 1.6891 28.0604  
43.4990 3.0861 25.3513  
43.5320 4.3658 14.5116  
43.5650 5.6743 51.5885  
43.5820 6.8848 23.6538  
43.6320 7.6853 -43.6023  
43.6480 8.2599 -45.0883  
43.6990 8.5807 -18.8201  
43.7320 8.6314 -29.0221  
43.7480 8.4554 -82.2327  
43.7990 8.0053 -35.0154  
43.8330 7.3051 -48.9814  
43.8660 6.3974 -48.3409  
43.8990 5.0871 -70.4211  
43.9360 3.5418 -52.6401  
43.9500 2.1612 -38.0744  
43.9990 0.7369 -23.6571  
44.0320 -0.6862 -28.7061  
44.0660 -2.1047 -26.8042  
44.0990 -3.4584 -20.2540  
44.1320 -4.6117 6.6148  
44.2000 -5.6557 -8.4098  
44.2320 -6.4812 18.4099  
44.2690 -7.0074 18.0852  
44.2830 -7.2563 59.0075  
44.3320 -7.3485 21.0774  
44.3650 -7.1831 42.9550  
44.3810 -6.7697 95.7982  
44.4330 -6.1670 18.8767  
44.4660 -5.2524 74.2511  
44.4990 -4.1475 64.3034  
44.5320 -2.9031 24.9370  
44.5650 -1.5396 53.9318  
44.6010 -0.1241 33.0376  
44.6150 1.3079 70.7616  
44.6660 2.7165 15.6662  
44.6990 4.0551 21.7604  
44.7330 5.3773 40.2483  
44.7660 6.8472 74.4896  
44.7990 7.6939 -114.6001  
44.8320 8.2802 -14.5835  
44.8660 8.6882 -28.2553  
44.8990 8.8223 -29.0449  
44.9320 8.7180 -36.2253  
44.9480 8.3357 -111.7943  
44.9990 7.7307 -28.0035  
45.0330 6.8756 -52.4474  
45.0660 5.6861 -59.8628  
45.0990 4.1286 -37.0167  
45.1320 2.7953 -46.6682  
45.1660 1.3586 -44.5791  
45.1990 -0.0887 -32.2835  
45.2320 -1.5194 -24.0467  
45.2660 -2.9133 -24.3432  
45.2980 -4.1597 -9.7720  
45.3150 -5.3841 -71.1226  
45.3660 -6.2824 28.9904  
45.3810 -6.9864 -2.2495  
45.4340 -7.5015 12.6110  
45.4660 -7.7800 25.8292  
45.4850 -7.8008 55.8211  
45.5330 -7.6115 21.5692  
45.5660 -7.1777 50.0507  
45.5990 -6.5201 42.7639  
45.6320 -5.6520 54.2690  
45.6480 -4.5116 94.6853  
45.6990 -3.3533 32.4941  
45.7320 -2.0494 43.1081  
45.7480 -0.6459 103.9609  
45.7990 0.7820 21.0207  
45.8320 2.1875 25.3214  
45.8660 3.5612 21.1069  
45.8990 4.8297 18.1548  
45.9670 5.9450 -1.7633  
45.9990 6.8257 -17.3716  
46.0320 7.4828 -21.8471  
46.0660 7.8663 -31.7363  
46.0820 8.0237 -52.3430  
46.1330 7.8477 -32.7677  
46.1650 7.4097 -48.3836  
46.1990 6.7216 -48.9688  
46.2320 5.7803 -54.9844  
46.2480 4.5376 -150.9131  
46.2990 3.2441 -12.3230  
46.3330 1.8426 -48.1018  
46.3660 0.4186 -28.6689  
46.3810 -0.9889 -60.8952  
46.4320 -2.3952 -16.2109  
46.4480 -3.7013 -41.7500  
46.4990 -4.8273 4.9423  
46.5320 -6.0798 -88.7894  
46.5650 -6.8831 81.1514  
46.5990 -7.3860 17.3166  
46.6150 -7.7355 56.6245  
46.6660 -7.8390 16.1822  
46.6820 -7.7443 64.6382  
46.7330 -7.3932 32.4002  
46.7660 -6.8179 42.8482  
46.7820 -6.0319 89.9829  
46.8330 -5.0966 34.1925  
46.8650 -3.7027 51.7712  
46.8820 -2.3914 108.9975  
46.9350 -0.9890 28.2697  
46.9500 0.4064 55.8191  
46.9990 1.8272 22.0150  
47.0320 3.2244 24.1809  
47.0650 4.5219 19.8432  
47.0820 5.7819 61.1783  
47.1320 7.0731 35.0207  
47.1480 7.8890 -188.0088  
47.1990 8.4638 -14.8115  
47.2150 8.7452 -67.4976  
47.2650 8.7931 -16.7624  
47.2990 8.5900 -49.1816  
47.3150 8.1360 -89.3686  
47.3680 7.4356 -31.4250  
47.4000 6.5144 -48.5778  
47.4150 5.2411 -165.3202  
47.4660 3.7221 -13.8540  
47.4990 2.3262 -53.8762  
47.5320 0.9016 -31.5425  
47.5650 -0.5182 -31.2863  
47.5820 -1.9368 -48.6069  
47.6330 -3.2433 -10.8042  
47.6660 -4.4539 -14.2794  
47.7330 -5.4820 2.3851  
47.7660 -6.3235 9.4370  
47.7980 -6.8382 24.6018  
47.8150 -7.1998 48.5821  
47.8660 -7.2802 20.2577  
47.8990 -7.1149 42.9475  
47.9320 -6.6930 46.4420  
47.9480 -6.0846 64.9165  
47.9990 -5.1760 48.0551  
48.0150 -4.0855 84.2738  
48.0660 -2.8570 30.1893  
48.0990 -1.4908 51.1471  
48.1320 -0.0839 36.2171  
48.1480 1.3363 59.8891  
48.1990 2.7450 18.0110  
48.2150 4.0718 37.4067  
48.2660 5.2837 7.5105  
48.2810 6.7648 248.7069  
48.3160 7.5939 -116.2528  
48.3660 8.2401 -9.6251  
48.3990 8.6482 -25.4764  
48.4320 8.7797 -32.6800  
48.4650 8.6840 -32.6064  
48.4840 8.3137 -94.1591  
48.5330 7.6967 -31.5774  
48.5660 6.8535 -50.4355  
48.5810 5.7621 -139.9109  
48.6330 4.1877 -21.1313  
48.6650 2.8663 -48.1209  
48.6810 1.4414 -94.7500  
48.7330 -0.0028 -19.8681  
48.7670 -1.4099 -20.8183  
48.7990 -2.7764 -20.9354  
48.8170 -4.0111 -26.1633  
48.8660 -5.1520 -12.4439  
48.8990 -6.3196 -58.5103  
48.9150 -7.0115 166.1488  
48.9660 -7.5228 13.8432  
48.9990 -7.8013 23.9115  
49.0150 -7.8222 66.2725  
49.0660 -7.6480 17.9923  
49.0990 -7.2260 53.6222  
49.1320 -6.5840 46.4003  
49.1510 -5.7219 91.0292  
49.1820 -4.5819 69.9579  
49.2330 -3.1662 16.2143  
49.2480 -1.8740 94.8378  
49.2990 -0.4861 32.6152  
49.3320 0.9181 28.8733  
49.3480 2.3119 59.6779  
49.3990 3.6856 14.0713  
49.4150 4.9257 27.0768  
49.4990 6.0052 -0.8796  
49.5320 6.8682 -13.2131  
49.5480 7.4423 -45.0596  
49.5990 7.8258 -21.1575  
49.6320 7.9832 -25.3784  
49.6480 7.8072 -104.4470  
49.7000 7.3692 -32.0628  
49.7330 6.6811 -46.8469  
49.7480 5.7398 -120.9657  
49.7990 4.5124 -47.6131  
49.8320 3.2427 -15.0406  
49.8480 1.8412 -109.6211  
49.8990 0.4290 -16.2300  
49.9230 -0.9784 -42.9906  
49.9490 -2.3692 -25.7971  
49.9990 -3.6517 -11.7684  
50.0150 -4.7943 -16.7755  
50.0660 -6.0662 -55.6689  
50.0990 -6.8459 94.1674  
50.1320 -7.3357 14.2667  
50.1480 -7.6971 49.2713  
50.1990 -7.8005 16.1822  
50.2150 -7.7177 64.6382  
50.2660 -7.3665 32.4002  
50.2990 -6.8069 42.8482  
50.3150 -6.0446 89.8539  
50.3660 -5.0809 34.2329  
50.3820 -3.6676 103.5424  
50.4330 -2.4111 30.2037  
50.4650 -1.0234 55.6666  
50.4820 0.3687 49.0122  
50.5320 1.7856 21.4692  
50.5480 3.1708 44.8243  
50.6000 4.4507 11.5136  
50.6350 5.6234 9.8077  
50.6490 6.9113 184.8874  
50.6990 7.6998 -64.9486  
50.7150 8.2626 -37.5674  
50.7660 8.5753 -18.8201  
50.7980 8.6261 -26.1912  
50.8150 8.4263 -98.3631  
50.8660 7.9762 -28.0372  
50.8820 7.2878 -104.0954  
50.9330 6.3864 -30.0378  
50.9660 5.2173 -70.7291  
50.9820 3.7018 -54.6786  
51.0320 2.3473 -32.7427  
51.0480 0.9348 -73.8551  
51.0990 -0.4850 -20.2441  
51.1330 -1.9036 -24.3035  
51.1480 -3.1983 -28.8864  
51.1990 -4.3812 -6.1158  
51.2660 -5.3976 0.0000  
51.3000 -6.2325 8.3006  
51.3350 -6.7642 19.9778  
51.3490 -7.1257 58.9926  
51.4000 -7.2176 20.7822  
51.4320 -7.0522 43.4536  
51.4480 -6.6303 95.7866  
51.5000 -6.0049 23.2537  
51.5320 -5.1084 71.1626  
51.5480 -3.9779 126.7231  
51.6000 -2.7612 16.6067  
51.6320 -1.3827 59.3405  
51.6480 0.0210 59.4806  
51.7000 1.4375 18.3374  
51.7320 2.8555 33.6032  
51.7480 4.1823 29.9302  
51.7990 5.3601 0.8309  
51.8330 6.8767 135.1880  
51.8660 7.7181 -135.5626  
51.8820 8.2967 -37.6044  
51.9330 8.7048 -16.4847  
51.9490 8.8152 -67.4025  
52.0020 8.7347 -18.0483  
52.0330 8.3681 -61.5636  
52.0470 7.7392 -110.5209  
52.0990 6.8959 -32.0071  
52.1150 5.8566 -119.9299  
52.1660 4.2415 -22.7499  
52.1990 2.9318 -43.0658  
52.2150 1.5187 -102.1775  
52.2660 0.0981 -17.9539  
52.3020 -1.3090 -26.2093  
52.3160 -2.6757 -39.4488  
52.3660 -3.8945 -8.6008  
52.3820 -4.8494 68.2461  
52.4330 -5.7588 -23.7085  
52.4660 -6.4451 9.4517  
52.4820 -6.9566 36.7554  
52.5320 -7.2470 15.7891  
52.5480 -7.2797 58.9021  
52.5990 -7.0936 24.9377  
52.6320 -6.6599 46.4595  
52.6480 -6.0178 95.6930  
52.7000 -5.1541 34.3654  
52.7330 -4.1875 64.2417  
52.7480 -3.0181 54.5955  
52.8000 -1.7376 27.3610  
52.8150 -0.3615 102.9806  
52.8660 1.0465 21.7255  
52.9000 2.4402 23.5195  
52.9150 3.7905 55.8250  
52.9660 5.0048 3.4087  
53.0320 6.0839 2.7108  
53.0480 6.9294 -34.3240  
53.0990 7.4909 -14.1363  
53.1150 7.8625 -67.4396  
53.1660 8.0080 -16.4213  
53.1990 7.8518 -44.6447  
53.2150 7.3983 -116.5714  
53.2660 6.7102 -30.3127  
53.2820 5.7571 -113.3121  
53.3360 4.6318 -28.6606  
53.3500 3.3508 -98.4590  
53.3990 1.9587 -33.8821  
53.4150 0.5465 -57.5903  
53.4660 -0.8491 -17.9174  
53.4820 -2.2437 -51.6584  
53.5330 -3.5459 -10.7960  
53.5480 -4.6178 29.2890  
53.6000 -5.8933 -68.9118  
53.6150 -6.6732 209.6054  
53.6660 -7.2395 11.5376  
53.6990 -7.6008 20.3250  
53.7180 -7.6901 55.8340  
53.7660 -7.5955 19.1003  
53.7990 -7.2443 50.0654  
53.8150 -6.6691 88.3658  
53.8660 -5.9068 25.8804  
53.8810 -5.0139 116.3919  
53.9320 -3.5956 32.7462  
53.9540 -2.3369 70.3573  
53.9990 -0.9701 37.1224  
54.0160 0.4254 56.2816  
54.0660 1.8226 21.5747  
54.0820 3.2123 52.5614  
54.1330 4.4804 8.5496  
54.1480 5.7052 65.4149  
54.1990 6.8832 16.7176  
54.2150 7.6718 -134.3474  
54.2660 8.2332 -11.7859  
54.2810 8.5474 -61.5917  
54.3320 8.5983 -18.8706  
54.3480 8.4219 -82.3279  
54.3990 7.9696 -32.9346  
54.4150 7.2649 -105.1467  
54.4660 6.3618 -30.3801  
54.4820 5.1295 -144.3728  
54.5320 3.7238 -17.6299  
54.5480 2.3790 -96.2898  
54.5990 0.9665 -25.0624  
54.6150 -0.4484 -59.1928  
54.6650 -1.8463 -15.8708  
54.6840 -3.1835 -37.3331  
54.7330 -4.4533 -20.5324  
54.7990 -5.4738 12.2837  
54.8150 -6.2923 29.4337  
54.8660 -6.8128 13.1359  
54.8820 -7.1743 44.2388  
54.9330 -7.2666 22.5757  
54.9480 -7.0777 102.3327  
54.9990 -6.6656 25.1820  
55.0180 -6.0519 64.2921  
55.0660 -5.1394 47.5059  
55.0810 -3.9913 89.8921  
55.1330 -2.7686 29.9654  
55.1480 -1.4140 119.2473  
55.1990 -0.0308 18.7476  
55.2150 1.3893 67.3666  
55.2660 2.7784 16.4748  
55.2820 4.0741 37.5796  
55.3330 5.4279 36.5766  
55.3650 6.8478 58.8474  
55.3810 7.6770 -226.7593  
55.4330 8.3111 -11.5667  
55.4480 8.6934 -64.0260  
55.4990 8.8042 -18.1527  
55.5320 8.7233 -29.1211  
55.5480 8.3429 -119.8358  
55.5990 7.7219 -30.6993  
55.6150 6.8862 -96.5897  
55.6660 5.6713 -37.7732  
55.6820 4.1411 -79.4409  
55.7320 2.8315 -28.4266  
55.7480 1.4304 -94.7698  
55.8000 0.0307 -18.2013  
55.8320 -1.3559 -24.8336  
55.8480 -2.7290 -51.6861  
55.8990 -3.9537 -8.4694  
55.9150 -4.9862 22.2282  
55.9650 -5.9121 -9.5947  
55.9820 -6.5976 28.0787  
56.0320 -7.1009 11.0287  
56.0480 -7.3913 44.2612  
56.0990 -7.4268 20.2441  
56.1150 -7.2494 73.8551  
56.1660 -6.8408 29.7787  
56.1810 -6.1837 110.4635  
56.2330 -5.3216 31.1243  
56.2480 -4.3485 97.6641  
56.2990 -3.1729 30.3203  
56.3150 -1.9020 89.3420  
56.3680 -0.5311 29.2817  
56.3970 0.8647 33.0086  
56.4140 2.2652 63.4905  
56.4660 3.6197 13.8689  
56.4810 4.8424 13.4032  
56.5670 5.9154 1.8613  
56.5820 6.7784 -32.0944  
56.6320 7.4108 -16.8196  
56.6480 7.7927 -59.9378  
56.6990 7.9509 -15.8310  
56.7150 7.7719 -113.7790  
56.7670 7.3423 -29.7705  
56.7990 6.6502 -48.3109  
56.8150 5.7046 -113.4053  
56.8710 4.5717 -29.8416  
56.8860 3.2975 -83.5652  
56.9330 1.9196 -32.2904  
56.9480 0.5194 -70.9345  
56.9990 -0.8762 -17.9174  
57.0150 -2.2738 -51.6584  
57.0660 -3.5326 -8.4871  
57.0810 -4.5818 36.4941  
57.1330 -5.8833 -78.2496  
57.1480 -6.6513 234.7713  
57.1990 -7.2088 8.4871  
57.2150 -7.5584 51.6584  
57.2660 -7.6619 18.4875  
57.2820 -7.5791 49.9161  
57.3330 -7.2279 34.7120  
57.3480 -6.6409 102.1073  
57.3990 -5.8904 23.5714  
57.4150 -5.0201 109.1174  
57.4660 -3.5772 32.4839  
57.4810 -2.3324 102.6927  
57.5330 -0.9646 31.9694  
57.5510 0.4157 52.8960  
57.6000 1.7971 19.4705  
57.6150 3.1823 55.7729  
57.6660 4.4384 9.3899  
57.6820 5.6546 70.8092  
57.7320 6.8381 17.4934  
57.7490 7.6266 -129.6196  
57.8000 8.1773 -14.1408  
57.8150 8.4900 -55.9814  
57.8660 8.5408 -18.7790  
57.8840 8.3291 -92.8792  
57.9330 7.8671 -31.6064  
57.9650 7.1787 -44.6077  
57.9810 6.2902 -95.1714  
58.0330 5.0541 -45.0624  
58.0480 3.6548 -50.4299  
58.1000 2.2981 -34.1861  
58.1150 0.9095 -69.4188  
58.1660 -0.4867 -17.9391  
58.1810 -1.8698 -55.0597  
58.2150 -3.1525 -19.6924  
58.2660 -4.2649 3.0543  
58.3330 -5.2854 -7.5974  
58.3480 -6.1065 31.3960  
58.4050 -6.6145 13.8242  
58.4200 -6.9643 55.0326  
58.4660 -7.0448 19.9054  
58.4820 -6.8677 95.9369  
58.5320 -6.4694 25.9328  
58.5480 -5.8846 64.9165  
58.6000 -4.9932 46.0970  
58.6150 -3.9912 84.1431  
58.6650 -2.7821 31.2227  
58.6820 -1.4303 111.6806  
58.7320 -0.0589 19.6666  
58.7510 1.3137 44.1115  
58.7990 2.6908 19.9963  
58.8150 3.9701 34.8422  
58.8660 5.2422 24.0129  
58.8810 6.7084 198.6511  
58.9330 7.5188 -80.0158  
58.9480 8.1549 -32.0626  
58.9820 8.5389 -28.2384  
59.0160 8.6492 -24.6569  
59.0670 8.5655 -18.7518  
59.0850 8.1953 -112.6238  
59.1330 7.5744 -32.2280  
59.1480 6.7314 -110.9462  
59.2000 5.5798 -35.7881  
59.2150 4.0203 -73.2550  
59.2490 2.7229 -45.2903  
59.2990 1.3221 -30.3200  
59.3150 -0.0775 -59.1668  
59.3660 -1.4726 -15.5744  
59.3820 -2.8391 -41.8708  
59.4150 -4.0500 -14.2709  
59.4660 -5.2653 -31.2057  
59.4820 -6.1459 105.1739  
59.5330 -6.8260 2.8284  
59.5480 -7.3293 44.6101  
59.5820 -7.5960 24.2972  
59.6330 -7.6287 16.1710  
59.6480 -7.4513 76.8942  
59.6990 -7.0293 32.3812  
59.7150 -6.3873 95.7005  
59.7650 -5.5428 31.0603  
59.7840 -4.3877 79.7350  
59.8160 -3.2352 51.7874  
59.8660 -1.9548 28.4513  
59.8820 -0.5869 96.5250  
59.9330 0.7972 19.3599  
59.9480 2.1907 61.3203  
59.9990 3.5526 16.4139  
60.0150 4.9089 99.7297  
60.1000 5.9885 -14.5451  
60.1180 6.8572 -30.9047  
60.1660 7.5022 -15.0152  
60.1820 7.8737 -67.4209  
60.2330 8.0073 -18.7605  
60.2480 7.8312 -103.4217  
60.3000 7.3898 -32.0585  
60.3150 6.7017 -103.0555  
60.3660 5.7604 -33.2475  
60.3810 4.4902 -112.9204  
60.4320 3.2086 -26.4564  
60.4510 1.8192 -86.0769  
60.4890 0.4190 -21.7823  
60.5150 -0.9764 -39.6836  
60.5660 -2.3471 -13.8931  
60.5820 -3.6177 -34.4122  
60.6330 -4.6246 19.0042  
60.6480 -5.8167 -226.5132  
60.6990 -6.5964 47.6173  
60.7150 -7.1479 36.7762  
60.7650 -7.4974 13.4145  
60.7820 -7.5773 62.4027  
60.8330 -7.4945 15.6599  
60.8510 -7.1316 98.3507  
60.9000 -6.5446 31.2573  
60.9150 -5.7823 80.1429  
60.9660 -4.9423 34.2329  
60.9820 -3.5970 103.5424  
61.0330 -2.3215 33.9126  
61.0480 -0.9427 108.1138  
61.0990 0.4528 16.4174  
61.1150 1.8380 59.9213  
61.1660 3.2113 13.3074  
61.1840 4.4834 42.1673  
61.2330 5.6364 6.9378  
61.2480 6.8785 139.5581  
61.2990 7.6790 -52.3439  
61.3150 8.2298 -52.5868  
61.3660 8.5116 -18.8146  
61.3820 8.5355 -59.8429  
61.4320 8.3367 -27.7862  
61.4480 7.8709 -106.9778  
61.4990 7.1945 -27.9891  
61.5180 6.2865 -81.9744  
61.5660 5.0968 -51.5996  
61.5820 3.6270 -44.1596  
61.6330 2.2583 -32.5346  
61.6480 0.8578 -77.3035  
61.6990 -0.5382 -17.9318  
61.7150 -1.9092 -44.2499  
61.7660 -3.2083 -13.1283  
61.7820 -4.3674 -19.4941  
61.8660 -5.3838 0.0000  
61.8820 -6.2014 26.8493  
61.9320 -6.7044 13.3987  
61.9480 -7.0424 58.9709  
61.9990 -7.1229 17.9539  
62.0150 -6.9339 95.9369  
62.0660 -6.5238 25.4243  
62.0820 -5.9216 75.8463  
62.1330 -5.0248 44.6261  
62.1480 -3.9620 89.8921  
62.2000 -2.7570 27.3295  
62.2170 -1.4144 106.2573  
62.2660 -0.0312 21.9495  
62.2820 1.3534 59.8734  
62.3330 2.7367 17.6959  
62.3480 4.0160 32.9967  
62.4000 5.3739 40.0523  
62.4150 6.7819 114.3146  
62.4660 7.5990 -71.2451  
62.4810 8.2211 -40.0849  
62.5330 8.6171 -16.1580  
62.5510 8.7366 -53.2348  
62.5880 8.6529 -25.8471  
62.6160 8.2826 -68.1476  
62.6660 7.6674 -30.9423  
62.6820 6.8362 -104.0174  
62.7330 5.6164 -35.3689  
62.7480 4.0976 -84.9888  
62.7990 2.8001 -27.8692  
62.8150 1.4110 -94.7698  
62.8660 0.0144 -17.9539  
62.8820 -1.3689 -51.5931  
62.9330 -2.7354 -15.4505  
62.9510 -3.9464 -19.6196  
63.0000 -4.8844 24.1355  
63.0150 -5.7819 -83.9383  
63.0670 -6.4679 5.9982  
63.0820 -6.9557 47.0405  
63.1330 -7.2225 15.4869  
63.1480 -7.2552 54.9691  
63.1990 -7.0809 22.6230  
63.2150 -6.6590 103.2010  
63.2660 -6.0184 27.4190  
63.2840 -5.1681 96.9191  
63.3330 -4.2904 29.7293  
63.3480 -3.1328 102.5925  
63.4000 -1.8192 36.0171  
63.4150 -0.4667 72.9384  
63.4660 0.9021 18.6781  
63.4820 2.2838 59.6611  
63.5320 3.6220 14.3482  
63.5480 4.8383 27.1039  
63.6330 5.9074 -0.8758  
63.6540 6.7584 -20.7840  
63.6820 7.3917 -25.7403  
63.7320 7.7631 -21.5747  
63.7500 7.8636 -46.5159  
