Tempo Angle omega x y
s degrees degrees/s  
0.0320 -8.1053 49.9018  
0.0640 -7.3656 69.6182  
0.0970 -6.3621 72.4292  
0.1290 -5.1242 74.6927  
0.1630 -3.6419 79.2392  
0.1860 -2.1802 21.8631  
0.2300 -0.5786 50.1619  
0.2630 1.0937 53.8782  
0.2970 2.9249 75.6369  
0.3300 4.8932 37.1043  
0.3630 6.5603 -39.8513  
0.3960 7.8856 -36.0938  
0.4300 9.1102 40.7004  
0.4630 10.2666 51.7840  
0.4970 10.8925 -76.8149  
0.5300 11.5123 13.3714  
0.5630 12.0166 31.9071  
0.5960 12.2203 -37.2036  
0.6300 11.7220 -130.8530  
0.6620 11.0290 -22.5616  
0.6960 10.4294 -11.2076  
0.7300 9.7973 -44.5977  
0.7630 8.7294 -90.1521  
0.7960 7.2515 -72.4150  
0.8300 5.7946 -70.6678  
0.8640 4.0870 -60.7638  
0.8960 2.0494 -70.1794  
0.9300 0.2491 33.6540  
0.9630 -1.2176 -33.7340  
0.9960 -2.7191 -32.4127  
1.0300 -4.2635 -23.8025  
1.0660 -5.7069 -14.0765  
1.0960 -6.8877 -11.6666  
1.1640 -7.8296 0.0000  
1.1970 -8.4963 10.6060  
1.2300 -8.9056 15.3562  
1.2640 -9.0095 23.8025  
1.2960 -9.1208 33.4256  
1.3300 -9.0198 29.7121  
1.3630 -8.8257 -4.2008  
1.3960 -8.4144 41.2819  
1.4340 -7.7167 62.0394  
1.4630 -6.7748 72.1385  
1.4970 -5.5939 70.2852  
1.5300 -4.2015 74.7242  
1.5630 -2.7729 26.2855  
1.5960 -1.1609 80.1406  
1.6300 0.4267 24.2592  
1.6630 2.1874 83.0691  
1.6970 4.0538 27.0069  
1.7300 5.7698 -4.2881  
1.7630 7.0879 -49.1253  
1.7960 8.3116 34.7661  
1.8300 9.4922 57.6107  
1.8630 10.3388 -26.4851  
1.8990 10.9986 -27.7868  
1.9290 11.4655 23.8702  
1.9630 11.8200 -8.8265  
1.9970 11.5858 -92.4891  
2.0300 10.9666 -88.8710  
2.0660 10.4070 12.6450  
2.0940 9.8662 -51.2168  
2.1300 8.9413 -74.8183  
2.1630 7.5815 -72.4238  
2.1970 6.0691 -70.5823  
2.2300 4.4516 -62.1757  
2.2630 2.5389 -67.7449  
2.2960 0.5124 -43.5868  
2.3300 -1.0848 33.7828  
2.3630 -2.4857 -29.3789  
2.3970 -4.0231 -26.7522  
2.4290 -5.4725 -17.3457  
2.4630 -6.7031 -14.8355  
2.4960 -7.5854 33.0783  
2.5300 -8.4794 -73.9835  
2.5630 -8.9826 56.2337  
2.5960 -9.2169 13.7443  
2.6300 -9.2264 23.7940  
2.6640 -9.2540 28.4902  
2.6970 -9.0834 30.6686  
2.7300 -8.7222 30.1832  
2.7630 -8.2874 5.5010  
2.7970 -7.6043 58.1923  
2.8300 -6.7927 71.9994  
2.8630 -5.5057 67.8462  
2.8970 -4.1646 70.4895  
2.9300 -2.6462 67.4777  
2.9630 -1.1465 18.8290  
2.9970 0.4614 60.3302  
3.0300 2.1143 44.3011  
3.0630 3.9436 83.6557  
3.0960 5.6597 -28.8329  
3.1300 7.1825 1.3493  
3.1630 8.4118 -16.9172  
3.2300 9.4202 0.4344  
3.2630 10.1974 2.5765  
3.2960 10.7611 2.7623  
3.3300 11.3474 24.9513  
3.3630 11.2835 -134.9096  
3.3970 11.1331 17.5838  
3.4300 10.5644 -43.1010  
3.4630 9.9218 -51.2343  
3.4960 9.0104 -80.0589  
3.5300 7.9308 -65.9188  
3.5630 6.6241 -67.8903  
3.5970 5.0727 -69.5095  
3.6300 3.2998 -64.3252  
3.6630 1.3452 -29.3860  
3.7020 -0.3408 -45.2627  
3.7290 -1.9808 39.1629  
3.7630 -3.5695 -26.7292  
3.7970 -5.0548 -19.3250  
3.8300 -6.3263 -15.2745  
3.8630 -7.3380 10.8361  
3.8970 -8.3388 -62.7117  
3.9300 -8.9098 58.6226  
3.9510 -9.2334 16.7680  
3.9970 -9.3790 17.5938  
4.0300 -9.2573 27.5281  
4.0630 -9.1442 29.4258  
4.0960 -9.0497 -33.1747  
4.1300 -8.6978 56.3669  
4.1630 -8.0724 67.6331  
4.1970 -7.2462 69.5695  
4.2300 -5.9830 67.7839  
4.2630 -4.7075 62.3636  
4.2970 -3.1960 79.7997  
4.3300 -1.6175 44.7881  
4.3630 -0.1808 -15.4205  
4.3960 1.6188 139.3940  
4.4300 3.6602 38.9002  
4.4630 5.4637 -13.9934  
4.4960 7.0701 7.9047  
4.5300 8.4125 -8.0998  
4.5630 9.4297 -30.7341  
4.5970 10.4093 49.4440  
4.6300 10.9711 -44.3468  
4.6630 11.4464 18.5339  
4.6970 12.0643 26.9921  
4.7330 12.0308 -53.1584  
4.7630 11.6510 -71.3715  
4.7970 11.2028 -33.6920  
4.8290 10.5487 -56.1954  
4.8640 9.6994 -63.6225  
4.8960 8.6970 -79.5357  
4.9300 7.3029 -65.7742  
4.9630 5.8173 -72.0881  
4.9970 4.0465 -65.8693  
5.0300 1.9471 -71.7900  
5.0630 -0.0082 -14.3088  
5.0960 -1.6473 30.9438  
5.1290 -3.2626 -27.5212  
5.1630 -4.7639 -19.3525  
5.1960 -6.1030 -18.3181  
5.2300 -7.2123 -7.2868  
5.2630 -8.4453 -105.2388  
5.2970 -9.0638 110.7485  
5.3300 -9.4238 10.4967  
5.3630 -9.4870 18.1275  
5.3970 -9.4135 26.3391  
5.4300 -9.3365 31.9801  
5.4640 -9.0692 29.2914  
5.5000 -8.7504 -4.0136  
5.5300 -8.1810 63.4166  
5.5640 -7.3827 60.0379  
5.5970 -6.0009 71.5796  
5.6300 -4.7873 63.1273  
5.6640 -3.3155 86.1140  
5.6970 -1.7556 44.8474  
5.7300 -0.1196 50.1905  
5.7630 1.6089 60.0036  
5.7970 3.3920 45.3718  
5.8300 5.3151 38.0128  
5.8630 6.9126 -40.9783  
5.8970 8.3469 12.0160  
5.9300 9.5464 0.4071  
5.9630 10.6507 34.3306  
5.9960 11.2157 -74.7528  
6.0300 11.7038 20.9427  
6.0630 12.1367 33.4520  
6.0970 12.1530 -64.2754  
6.1300 11.8485 -50.4949  
6.1630 11.2889 -39.2547  
6.1960 10.7046 -48.5030  
6.2300 9.8586 -64.9361  
6.2660 8.7763 -65.2436  
6.2970 7.3462 -75.6845  
6.3160 5.9416 -116.4060  
6.3640 4.2610 -42.6476  
6.3970 2.2220 -75.1698  
6.4290 0.2592 -44.4921  
6.4630 -1.3550 53.5276  
6.4960 -2.9390 -30.1048  
6.5300 -4.4526 -26.3595  
6.5630 -5.7901 -13.5448  
6.5960 -6.9270 -10.4036  
6.6640 -7.8248 0.6664  
6.6960 -8.4568 13.9299  
6.7300 -8.8343 14.6639  
6.7640 -8.8841 23.4215  
6.7960 -8.6860 32.9610  
6.8300 -8.5703 29.3029  
6.8640 -8.3396 4.6078  
6.8960 -7.8980 37.8804  
6.9300 -7.1776 68.8882  
6.9640 -6.2020 64.9397  
6.9970 -5.0101 66.9032  
7.0300 -3.6628 60.6240  
7.0670 -2.1494 58.3483  
7.0960 -0.6255 31.0864  
7.1300 0.9111 34.7616  
7.1630 2.6799 100.5552  
7.1970 4.5196 25.4844  
7.2300 6.1789 -17.9555  
7.2630 7.5046 -30.1447  
7.2970 8.7744 48.5409  
7.3300 10.0526 69.4335  
7.3630 10.7902 -103.1981  
7.3970 11.2959 -4.6994  
7.4290 11.8710 49.8283  
7.4630 12.2071 -35.5044  
7.4970 11.7648 -131.3311  
7.5300 11.0935 -43.1694  
7.5630 10.5263 13.6077  
7.5970 9.9077 -44.3968  
7.6300 8.8439 -84.8806  
7.6630 7.3302 -66.9004  
7.6970 5.9215 -69.2757  
7.7300 4.3093 -66.5074  
7.7630 2.3284 -63.4175  
7.7970 0.5327 18.9722  
7.8300 -0.8935 -23.3420  
7.8630 -2.2827 -31.9622  
7.8970 -3.7965 -23.4215  
7.9300 -5.2040 -13.5697  
7.9630 -6.3712 -12.0353  
8.0300 -7.3375 -2.9665  
8.0630 -8.0285 12.0424  
8.0970 -8.4354 19.0096  
8.1290 -8.5634 21.7774  
8.1630 -8.6604 28.0794  
8.1960 -8.5707 33.2200  
8.2340 -8.3582 4.5739  
8.2630 -7.9807 29.4173  
8.2840 -7.3379 104.9930  
8.3310 -6.4208 49.9409  
8.3630 -5.2637 68.7384  
8.3970 -3.8796 78.4974  
8.4310 -2.4959 18.8651  
8.4620 -0.8971 91.8626  
8.4970 0.5175 -25.3361  
8.5300 1.9796 47.6004  
8.5630 3.8456 127.6699  
8.5970 5.5337 -27.2237  
8.6300 7.0030 0.5091  
8.6630 8.4116 52.7086  
8.7300 9.4166 -27.4007  
8.7640 10.1646 2.9241  
8.7960 10.8374 -3.4708  
8.8300 11.2523 7.9158  
8.8630 11.3087 -135.5305  
8.8960 11.0718 -41.2611  
8.9300 10.4719 17.1331  
8.9630 9.8134 -45.7932  
8.9970 8.8738 -82.1692  
9.0300 7.5388 -67.1510  
9.0640 6.1657 -65.1672  
9.0970 4.5638 -66.3120  
9.1300 2.7824 -57.7818  
9.1630 0.9952 6.4017  
9.1970 -0.5700 -66.2557  
9.2300 -1.9705 8.6663  
9.2630 -3.4988 -21.1013  
9.2970 -4.9507 -21.9594  
9.3300 -6.1629 -12.0353  
9.3630 -7.2519 -29.7945  
9.3960 -8.2754 -47.3230  
9.4300 -8.8157 77.7709  
9.4620 -9.1107 17.0714  
9.4970 -9.3571 19.9213  
9.5300 -9.2829 28.9117  
9.5630 -9.1375 30.2156  
9.5970 -8.9253 -0.8541  
9.6300 -8.5453 28.2708  
9.6630 -7.9203 62.1739  
9.6970 -6.9639 68.5727  
9.7300 -5.6162 71.2190  
9.7630 -4.2969 71.5501  
9.7970 -2.8965 39.9136  
9.8300 -1.4501 35.0741  
9.8630 -0.0504 14.7535  
9.8970 1.3952 42.8330  
9.9300 3.2815 132.6372  
9.9630 5.0289 -13.7789  
9.9970 6.5969 7.5547  
10.0300 7.8873 -13.4682  
10.0970 9.0504 16.0907  
10.1300 9.8316 -44.2062  
10.1630 10.5109 10.2445  
10.1970 11.1279 15.7470  
10.2300 11.2639 -131.0523  
10.2630 11.0908 -49.4926  
10.2970 10.3485 -38.7006  
10.3300 9.6822 9.2769  
10.3640 8.7448 -72.1895  
10.3970 7.6310 -66.9239  
10.4300 6.1746 -71.1692  
10.4620 4.6599 -63.8003  
10.4960 2.9627 -43.7065  
10.5300 0.9386 -80.4278  
10.5640 -0.5172 39.9542  
10.5970 -1.8955 -25.9788  
10.6300 -3.2415 -30.1264  
10.6650 -4.6879 -19.9266  
10.6900 -5.9336 -17.8628  
10.7300 -6.9675 -2.2914  
10.7630 -8.1037 -102.1505  
10.7960 -8.6894 104.9280  
10.8300 -9.0819 13.1344  
10.8640 -9.1412 17.5846  
10.8970 -9.2369 30.1337  
10.9300 -9.1511 28.9882  
10.9640 -8.9970 -9.1245  
10.9970 -8.6455 38.6751  
11.0300 -8.0598 57.4568  
11.0630 -7.2613 61.6800  
11.0970 -5.8902 69.2574  
11.1300 -4.6446 66.9239  
11.1640 -3.2221 65.1474  
11.1960 -1.6849 54.5644  
11.2300 -0.2869 -11.7327  
11.2640 1.1387 36.2633  
11.2960 3.0580 144.5937  
11.3300 4.8654 4.6155  
11.3640 6.3853 -28.7753  
11.3970 7.7554 16.2566  
11.4630 8.9680 11.8259  
11.4970 9.8096 -44.1467  
11.5290 10.4250 -1.5081  
11.5640 10.9964 37.3318  
11.5970 11.2887 -96.6413  
11.6290 11.4040 -16.8115  
11.6630 10.9128 -42.3090  
11.6960 10.2564 -45.2562  
11.7290 9.4688 -69.4516  
11.7640 8.3931 -66.9661  
11.7970 7.0039 -71.3530  
11.8300 5.5450 -66.5797  
11.8630 3.8724 -66.2449  
11.8970 1.8675 -59.3053  
11.9300 0.1686 -3.9157  
11.9640 -1.4520 7.1937  
11.9960 -3.0242 -29.8152  
12.0300 -4.5168 -20.5072  
12.0640 -5.8249 -13.1465  
12.0960 -6.9231 -7.6400  
12.1300 -8.0668 -82.6483  
12.1630 -8.6592 100.4833  
12.1970 -8.9981 10.2476  
12.2300 -9.0658 21.1195  
12.2630 -9.0410 24.0915  
12.2960 -8.9349 32.0229  
12.3300 -8.6483 25.0428  
12.3630 -8.2768 4.6128  
12.3970 -7.6783 53.6030  
12.4300 -6.8358 66.5672  
12.4630 -5.4914 66.8934  
12.4970 -4.2578 64.9644  
12.5300 -2.8101 75.4195  
12.5630 -1.2845 44.7255  
12.5970 0.1143 -13.8795  
12.6200 1.5337 54.8416  
12.6640 3.3453 108.5129  
12.6970 5.1643 6.8124  
12.7300 6.7776 -7.0662  
12.7630 8.0461 -37.9389  
12.7970 9.2342 41.2834  
12.8300 10.4370 71.3985  
12.8630 11.0149 -113.9329  
12.8970 11.5325 25.6319  
12.9300 12.2107 34.4192  
12.9640 12.6330 -38.1937  
12.9970 12.2464 -100.4502  
13.0290 11.6668 -53.2778  
13.0640 11.0840 -7.5492  
13.0970 10.4413 -56.1266  
13.1300 9.3857 -82.5733  
13.1640 7.8884 -60.6093  
13.1970 6.5324 -71.1236  
13.2290 4.8705 -68.3516  
13.2640 2.9631 -37.7061  
13.2960 1.0011 -57.6350  
13.3300 -0.5489 23.6838  
13.3630 -2.0141 -25.9644  
13.3970 -3.5324 -23.3942  
13.4290 -4.9253 -18.1096  
13.4630 -6.0705 -7.5379  
13.5300 -7.0097 0.0000  
13.5640 -7.6793 10.2476  
13.5970 -8.0804 15.0893  
13.6310 -8.2601 26.3153  
13.6640 -8.1596 28.9945  
13.6960 -8.0402 31.1067  
13.7310 -7.8527 -5.0652  
13.7640 -7.4077 53.9634  
13.7960 -6.6988 63.7887  
13.8300 -5.7302 69.0574  
13.8630 -4.5407 66.9172  
13.8970 -3.1206 78.1006  
13.9300 -1.5980 46.1369  
13.9640 -0.0076 46.2572  
13.9960 1.3911 -29.9923  
14.0300 3.1370 131.3719  
14.0640 5.0765 51.7541  
14.0960 6.6910 -45.9175  
14.1300 7.9672 -39.4775  
14.1640 9.1100 29.8343  
14.1990 10.1556 35.2971  
14.2300 10.8680 -21.8107  
14.2630 11.3796 -14.7035  
14.2970 11.9012 49.1920  
14.3300 12.3939 -37.8303  
14.3630 11.9812 -139.0191  
14.3960 11.2592 -40.4125  
14.4300 10.7506 19.5601  
14.4630 10.2251 -45.7848  
14.4960 9.3178 -84.9620  
14.5300 8.0515 -69.2820  
14.5630 6.6467 -62.4362  
14.5970 5.0575 -68.4940  
14.6300 3.1392 -49.0564  
14.6640 1.2533 -27.2148  
14.6970 -0.1794 -1.6595  
14.7300 -1.5744 -28.9945  
14.7630 -3.1155 -24.0973  
14.7980 -4.5652 -17.0702  
14.8260 -5.7792 -15.9875  
14.8970 -6.7836 -3.6354  
14.9300 -7.5312 15.3455  
14.9630 -7.9862 18.1144  
14.9970 -8.2097 20.4774  
15.0300 -8.2451 28.9650  
15.0630 -8.1754 30.1812  
15.0970 -8.0111 -0.3197  
15.1300 -7.6346 40.2067  
15.1630 -6.9797 66.2742  
15.1960 -6.0600 66.6518  
15.2300 -4.8790 69.2655  
15.2630 -3.5572 58.0191  
15.2970 -2.1659 38.0317  
15.3330 -0.5470 82.5557  
15.3630 0.9420 -11.4507  
15.3970 2.3878 16.5899  
15.4300 4.3005 141.1746  
15.4630 5.9823 -29.7612  
15.4960 7.4924 14.2300  
15.5290 8.8241 12.5741  
15.5640 9.9362 4.5756  
15.5970 10.7733 -25.3315  
15.6290 11.3455 -42.3817  
15.6640 11.8000 51.3003  
15.6960 12.2670 -6.8419  
15.7310 12.4992 -50.9811  
15.7640 11.8278 -132.6149  
15.7960 11.3073 16.4701  
15.8310 10.6168 -35.1950  
15.8630 9.6090 -86.1467  
15.8970 8.3644 -64.9644  
15.9310 6.9825 -64.9259  
15.9640 5.5180 -66.1813  
15.9970 3.7431 -39.6036  
16.0300 1.8162 -52.7428  
16.0630 0.0984 9.3365  
16.0960 -1.2874 -32.0324  
16.1300 -2.8153 -26.3027  
16.1640 -4.2798 -17.5677  
16.1970 -5.5134 -13.5776  
16.2300 -6.4236 31.1046  
16.2640 -7.2293 -34.2190  
16.2970 -7.7880 8.6682  
16.3300 -8.1761 12.0795  
16.3640 -8.3205 20.4878  
16.3960 -8.4003 29.8503  
16.4300 -8.2746 29.3050  
16.4620 -7.9502 34.1844  
16.4960 -7.5475 5.4542  
16.5300 -6.9164 53.9873  
16.5640 -6.1537 68.9129  
16.5970 -5.0536 66.9599  
16.6290 -3.7626 68.6304  
16.6630 -2.2611 73.6061  
16.6970 -0.6850 42.4352  
16.7300 0.7235 -21.8203  
16.7640 2.1546 35.9408  
16.7970 3.9468 142.5590  
16.8300 5.6996 -6.3119  
16.8640 7.1940 -22.0069  
16.8960 8.5267 22.6818  
16.9640 9.7204 12.0622  
16.9970 10.5509 -43.5371  
17.0300 11.1043 -8.1190  
17.0630 11.6099 29.2502  
17.1020 12.0134 -44.6684  
17.1280 11.8876 -156.5470  
17.1500 11.3406 22.3650  
17.1970 10.6810 -28.3815  
17.2300 9.8481 -75.1938  
17.2630 8.7217 -66.9605  
17.2970 7.2778 -69.2553  
17.3300 5.7577 -66.5957  
17.3630 4.0605 -61.8049  
17.3970 2.1730 -27.5836  
17.4300 0.4474 -3.7348  
17.4630 -0.9637 -28.0345  
17.4970 -2.5134 -26.2905  
17.5300 -3.9894 -18.0908  
17.5630 -5.2622 -13.6027  
17.5970 -6.3238 -2.9089  
17.6300 -7.4599 -93.8841  
17.6630 -8.0663 93.8758  
17.6960 -8.4340 10.5715  
17.7300 -8.6381 20.4930  
17.7640 -8.7545 22.2156  
17.7970 -8.6686 33.2294  
17.8300 -8.3839 33.1598  
17.8630 -8.0408 -0.3841  
17.8960 -7.4724 54.6693  
17.9300 -6.6761 64.1344  
17.9630 -5.3487 67.0215  
17.9970 -4.0968 68.9473  
18.0300 -2.6296 75.7871  
18.0630 -1.0914 42.6140  
18.0970 0.3015 -20.4984  
18.1300 2.0016 126.3351  
18.1630 3.7687 53.4489  
18.1970 5.5560 5.5562  
18.2300 7.1461 -5.0581  
18.2630 8.6012 25.1470  
18.2970 9.6993 -39.9712  
18.3290 10.8458 88.4330  
18.3640 11.3176 -121.3489  
18.3970 11.7406 27.8270  
18.4300 12.3890 47.1878  
18.4640 12.4611 -46.8561  
18.4970 12.1439 -64.5471  
18.5300 11.6695 -41.9033  
18.5640 11.0516 -47.1073  
18.5970 10.1271 -67.7863  
18.6300 9.1027 -71.4472  
18.6640 7.5892 -60.6016  
18.6970 6.2806 -66.6397  
18.7300 4.6597 -66.7838  
18.7640 2.6499 -68.6169  
18.7970 0.8251 7.8234  
18.8310 -0.7903 -1.0812  
18.8630 -2.3667 -31.0199  
18.8970 -3.8526 -20.4774  
18.9300 -5.1696 -16.6198  
18.9630 -6.2755 -7.4739  
19.0300 -7.1606 2.2010  
19.0640 -7.7909 10.2606  
19.0960 -8.1510 15.5567  
19.1330 -8.1884 24.1758  
19.1630 -8.1559 31.9049  
19.1970 -8.0102 32.1959  
19.2310 -7.7836 -5.3602  
19.2640 -7.2993 56.9613  
19.2830 -6.5565 107.1557  
19.3300 -5.5686 46.9243  
19.3630 -4.3754 66.6810  
19.3970 -2.9644 74.3026  
19.4300 -1.4289 52.8052  
19.4630 0.1714 46.7727  
19.4960 1.8348 48.1022  
19.5300 3.5919 59.7544  
19.5640 5.4970 38.2003  
19.5970 7.0857 -38.9546  
19.6290 8.4672 -1.1142  
19.6640 9.8085 51.5201  
19.6960 11.0131 26.0749  
19.7290 11.5235 -133.8376  
19.7640 12.0232 46.7282  
19.7960 12.4850 36.4210  
19.8300 12.6583 -38.1873  
19.8630 12.1714 -138.4913  
19.8970 11.6224 19.9287  
19.9300 11.0925 -33.1441  
19.9630 10.3359 -69.8136  
19.9970 9.1714 -66.8880  
20.0300 7.7029 -66.8929  
20.0630 6.4404 -71.3804  
20.0970 4.8095 -60.2408  
20.1300 2.8582 -61.7801  
20.1640 0.9710 -19.3634  
20.1970 -0.4186 12.3186  
20.2300 -1.9816 -32.0042  
20.2630 -3.5048 -21.0876  
20.2960 -4.8573 -18.1048  
20.3300 -6.0074 -7.3299  
20.3970 -6.9617 -3.7387  
20.4300 -7.6306 15.1428  
20.4630 -8.0348 18.1048  
20.4970 -8.1656 20.4674  
20.5300 -8.1349 28.9846  
20.5640 -8.0454 29.2824  
20.5970 -7.8064 13.2604  
20.6300 -7.4006 29.4678  
20.6640 -6.7163 64.3372  
20.6970 -5.7871 66.6615  
20.7300 -4.6128 66.6679  
20.7630 -3.2424 74.5841  
20.7970 -1.7341 58.1477  
20.8300 -0.1283 50.5987  
20.8630 1.2534 -38.9122  
20.8970 3.0060 138.3867  
20.9300 4.8540 42.1549  
20.9640 6.5227 -24.1380  
20.9970 7.9838 3.3704  
21.0300 9.5183 88.9212  
21.0640 10.9252 27.1784  
21.0970 11.5737 -155.2398  
21.1290 12.0647 12.5646  
21.1640 12.4293 11.5790  
21.1970 12.8933 -8.7844  
21.2300 12.4375 -136.1400  
21.2630 11.6980 -43.7892  
21.2970 11.0691 8.3460  
21.3300 10.3288 -30.3707  
21.3630 9.0150 -84.8354  
21.3980 7.4027 -58.9272  
21.4280 6.0663 -78.7802  
21.4470 4.4856 -107.4203  
21.4970 2.6434 -44.1736  
21.5300 0.6264 -61.8001  
21.5640 -0.8779 18.6714  
21.5960 -2.2257 3.7661  
21.6310 -3.6814 -22.7259  
21.6630 -5.0966 -18.6756  
21.6960 -6.2766 -13.5524  
21.7640 -7.6269 -55.3773  
21.7960 -8.3495 122.3034  
21.8300 -8.8082 17.5913  
21.8630 -8.9763 21.1087  
21.8970 -8.8450 28.0942  
21.9300 -8.6875 27.1765  
21.9630 -8.4326 33.1543  
21.9970 -8.1049 -1.9708  
22.0300 -7.4988 66.2542  
22.0630 -6.6282 66.6058  
22.0970 -5.1603 64.9267  
22.1300 -3.8494 71.0117  
22.1670 -2.4037 52.5958  
22.1960 -0.8390 65.0365  
22.2300 0.5449 -25.0498  
22.2640 1.9630 36.4074  
22.2960 3.7201 140.1280  
22.3300 5.3893 -27.8044  
22.3630 6.8529 3.9373  
22.3970 8.3265 67.6026  
22.4640 9.5915 1.8070  
22.4960 10.3146 -96.1238  
22.5300 10.8945 15.1323  
22.5630 11.3411 16.7616  
22.5970 11.4329 -129.3799  
22.6300 11.2347 -50.4040  
22.6630 10.5212 -20.2568  
22.6970 9.7679 -39.5085  
22.7300 8.8922 -33.1774  
22.7640 7.5510 -69.2871  
22.7970 5.9916 -62.4347  
22.8300 4.5203 -66.5584  
22.8630 2.7915 -62.4184  
22.8960 0.7739 -70.7257  
22.9300 -0.6421 47.5258  
22.9630 -1.9875 -29.0043  
22.9970 -3.3456 -23.3831  
23.0300 -4.6390 -21.1196  
23.0640 -5.8578 -10.2474  
23.0970 -6.8465 -1.6443  
23.1290 -8.0010 -116.2329  
23.1640 -8.5636 106.3794  
23.1970 -8.8803 12.0862  
23.2300 -8.8939 21.1196  
23.2640 -8.9837 25.1408  
23.2970 -8.8880 27.1933  
23.3190 -8.6033 49.7575  
23.3640 -8.2497 -0.1772  
23.3970 -7.6775 55.7000  
23.4150 -6.8659 129.9805  
23.4640 -5.4758 42.1336  
23.4960 -4.2373 69.0246  
23.5290 -2.8412 59.7948  
23.5650 -1.2836 64.2531  
23.5970 0.1021 -27.0161  
23.6300 1.5181 36.3869  
23.6640 3.2751 132.4701  
23.7000 5.0400 1.9966  
23.7300 6.5900 -10.3815  
23.7640 8.0245 34.8339  
23.8300 9.3443 13.9126  
23.8640 10.2405 -59.6595  
23.8970 10.9260 -4.0231  
23.9300 11.4250 13.5665  
23.9640 11.8414 -49.6907  
23.9970 11.7254 -124.9759  
24.0300 11.1492 -2.9739  
24.0660 10.3314 -65.0923  
24.0970 9.4575 -28.1797  
24.1300 8.2589 -62.4790  
24.1630 6.7330 -71.3530  
24.1790 5.2050 -128.1337  
24.2300 3.4844 -40.3640  
24.2630 1.4856 -70.7102  
24.2970 -0.3269 5.0711  
24.3310 -1.7028 7.1298  
24.3630 -3.1483 -24.8328  
24.3960 -4.4292 -21.1087  
24.4300 -5.6774 -16.1079  
24.4630 -6.7441 -7.4454  
24.4970 -7.7761 -59.0712  
24.5300 -8.3976 62.2918  
24.5640 -8.7685 13.1538  
24.5970 -8.8462 18.1097  
24.6300 -8.8558 25.8827  
24.6630 -8.7899 30.2245  
24.6970 -8.5450 29.2770  
24.7300 -8.2234 2.1495  
24.7640 -7.6805 48.9474  
24.7970 -6.9089 61.8959  
24.8300 -5.7002 71.5500  
24.8630 -4.4911 62.4576  
24.8960 -3.0630 79.8876  
24.9300 -1.5937 29.6801  
24.9630 0.0042 64.8894  
24.9970 1.6464 42.3501  
25.0300 3.3934 61.9133  
25.0630 5.2482 34.8147  
25.0960 6.7687 -50.8524  
25.1310 8.1229 10.8384  
25.1630 9.2992 18.1824  
25.1960 10.5272 78.1282  
25.2300 11.1688 -94.9314  
25.2630 11.6591 -15.2869  
25.2970 12.0625 37.4653  
25.3300 12.1796 -43.1666  
25.3630 11.8622 -69.7363  
25.3970 11.1034 -96.0312  
25.4310 10.5836 20.9413  
25.4640 9.8043 -67.1566  
25.4970 8.7311 -71.4378  
25.5300 7.1792 -66.8955  
25.5640 5.7156 -68.9752  
25.5980 4.0967 -60.5237  
25.6190 2.1318 -104.0904  
25.6640 0.2687 -9.0521  
25.6960 -1.3103 16.8985  
25.7150 -2.6484 -45.0416  
25.7640 -4.1372 -16.2449  
25.7960 -5.4493 -14.0146  
25.8300 -6.5554 -8.7557  
25.8970 -7.4407 0.0000  
25.9300 -8.0568 10.5313  
25.9630 -8.4073 18.1145  
25.9800 -8.4596 46.8001  
26.0300 -8.3757 19.1232  
26.0640 -8.2462 29.2880  
26.0960 -8.0537 -7.0552  
26.1130 -7.6228 93.3985  
26.1640 -6.9292 42.7310  
26.1970 -5.9850 66.9060  
26.2310 -4.8061 69.0196  
26.2630 -3.3975 82.6533  
26.2970 -1.9013 43.3425  
26.3300 -0.3374 44.6229  
26.3630 1.2501 36.1178  
26.3790 2.9680 143.7611  
26.4300 4.8424 26.2721  
26.4640 6.4715 -25.4763  
26.4970 7.7838 -29.9625  
26.5300 8.9322 17.2631  
26.5640 10.0714 66.2889  
26.5970 10.7265 -66.5171  
26.6290 11.1917 -13.3281  
26.6460 11.6749 97.2360  
26.6970 11.9091 -25.4465  
26.7300 11.4663 -135.4561  
26.7630 10.8604 -8.8243  
26.7790 10.3046 -22.8387  
26.8300 9.7141 -26.1893  
26.8630 8.7717 -89.3644  
26.8960 7.3832 -66.9021  
26.9130 5.9933 -129.8821  
26.9630 4.4413 -40.9591  
26.9970 2.5055 -64.2867  
27.0300 0.7834 25.4450  
27.0630 -0.5913 -30.1755  
27.0790 -2.0325 -59.7600  
27.1300 -3.5167 -15.6000  
27.1630 -4.9271 -18.1145  
27.1790 -6.0774 -21.7208  
27.2300 -7.0892 -16.1492  
27.2630 -7.7979 24.9578  
27.2970 -8.2770 7.2885  
27.3290 -8.4778 18.6856  
27.3460 -8.6928 40.9654  
27.3970 -8.7128 18.7357  
27.4300 -8.5375 30.1872  
27.4460 -8.3348 -32.6198  
27.4970 -7.8934 35.0945  
27.5310 -7.2132 60.0025  
27.5630 -6.2306 68.7601  
27.5960 -5.1105 66.6566  
27.6120 -3.7801 146.8280  
27.6650 -2.3035 38.8895  
27.7000 -0.9608 -18.3817  
27.7140 0.3985 80.1252  
27.7640 1.8179 31.9518  
27.7960 3.7270 136.6981  
27.8130 5.4253 -18.6565  
27.8640 6.8172 -20.0911  
27.8790 8.2261 158.0111  
27.9640 9.3162 -11.6264  
27.9980 10.0648 -31.3281  
28.0300 10.6582 15.8723  
28.0630 11.2974 -5.5713  
28.1000 11.3752 -121.4461  
28.1130 11.1671 -96.9396  
28.1640 10.5675 8.9888  
28.1790 9.8510 -99.0302  
28.2310 8.9734 -50.6992  
28.2630 7.6380 -69.0037  
28.2790 6.1799 -138.4120  
28.3310 4.6109 -41.8054  
28.3640 2.7858 -62.2326  
28.3790 1.0289 33.2099  
28.4310 -0.3683 -17.2300  
28.4630 -1.7451 -33.0041  
28.4960 -3.2472 -24.1032  
28.5120 -4.6705 -43.5823  
28.5630 -5.8650 -6.8144  
28.5790 -6.9749 -85.1734  
28.6310 -8.0216 -30.4333  
28.6630 -8.5316 99.7849  
28.6960 -8.7964 12.0829  
28.7130 -9.0413 40.9863  
28.7640 -9.1111 16.7670  
28.7790 -8.9656 73.0899  
28.8310 -8.6312 21.0402  
28.8630 -8.2372 -3.1444  
28.8790 -7.5999 130.2702  
28.9300 -6.6080 42.8099  
28.9460 -5.2520 128.7042  
28.9970 -4.0059 41.0585  
29.0300 -2.5388 79.0373  
29.0460 -0.9781 102.0341  
29.0970 0.4153 -16.0266  
29.1310 1.8187 35.1890  
29.1630 3.5608 140.0287  
29.1790 5.3166 2.2661  
29.2300 6.8202 -8.5718  
29.2480 8.1739 37.9843  
29.3310 9.4045 9.9749  
29.3650 10.2186 -60.8951  
29.3970 10.8690 30.3587  
29.4300 11.3401 -4.8878  
29.4460 11.4649 -267.4435  
29.4980 11.3078 -31.2249  
29.5300 10.7824 24.9565  
29.5630 10.1021 -45.8593  
29.5790 9.2146 -156.8148  
29.6340 8.0378 -40.1598  
29.6480 6.5428 -168.1915  
29.6970 5.0511 -41.5667  
29.7130 3.2955 -104.2300  
29.7640 1.3936 -31.8508  
29.7960 -0.0449 11.0791  
29.8120 -1.4108 -56.0862  
29.8630 -2.9420 -16.7605  
29.8790 -4.3916 -43.5592  
29.9300 -5.6251 -6.8316  
29.9460 -6.6016 22.6359  
29.9970 -7.7185 -73.7149  
30.0160 -8.2920 178.8045  
30.0640 -8.6639 7.2586  
30.0840 -8.8036 34.8474  
30.1300 -8.8934 18.5823  
30.1460 -8.8036 56.0862  
30.1970 -8.5190 21.4640  
30.2130 -8.1247 24.9540  
30.2630 -7.5511 28.8722  
30.2790 -6.7955 136.4979  
30.3310 -5.4434 42.3908  
30.3640 -4.2110 66.6918  
30.3960 -2.7765 74.0246  
30.4150 -1.2841 67.1696  
30.4640 0.0845 -7.8059  
30.4970 1.4928 39.1892  
30.5130 3.2497 286.3705  
30.5640 4.9829 3.1627  
30.5960 6.4797 -28.7391  
30.6130 7.8668 63.8697  
30.6640 8.9599 -14.3965  
30.6970 9.9956 49.2485  
30.7310 10.4466 -102.2657  
30.7630 10.9993 71.6655  
30.7790 11.6121 13.6498  
30.8310 11.6640 -83.0036  
30.8640 11.1858 -21.7931  
30.8790 10.5611 -86.8889  
30.9300 10.0127 -3.0809  
30.9640 9.1410 -63.1383  
30.9790 8.0918 -167.2738  
31.0320 6.6598 -41.5610  
31.0630 5.3569 -70.5322  
31.0790 3.6196 -128.1693  
31.1340 1.7120 -26.9848  
31.1480 0.2917 39.7595  
31.1970 -1.1563 -20.3342  
31.2120 -2.5695 -63.6802  
31.2630 -4.0366 -13.6586  
31.2790 -5.3290 -24.9141  
31.3300 -6.4087 -7.5038  
31.3460 -7.4499 -113.6627  
31.3970 -8.0674 40.2403  
31.4300 -8.4449 10.5579  
31.4460 -8.6142 37.3413  
31.4970 -8.7597 15.5924  
31.5130 -8.6999 66.0274  
31.5630 -8.4639 16.1277  
31.5790 -8.0898 42.7896  
31.6300 -7.5751 19.7510  
31.6460 -6.8040 136.3475  
31.6800 -5.6304 64.8837  
31.7130 -4.4411 66.9646  
31.7630 -3.0377 49.7811  
31.7790 -1.5442 93.6711  
31.8310 -0.1742 -8.4676  
31.8640 1.1978 32.6460  
31.8820 2.8433 196.7201  
31.9300 4.6457 46.9360  
31.9460 6.2331 -71.3490  
31.9970 7.4692 -26.1175  
32.0120 8.6178 88.6939  
32.0640 9.7915 47.3470  
32.0970 10.3478 -111.6923  
32.1130 10.8339 49.8289  
32.1630 11.4762 22.4361  
32.1790 11.8769 -83.7316  
32.2140 11.4816 -126.2302  
32.2460 10.7435 -36.7125  
32.2970 10.1663 9.1521  
32.3340 9.5177 -55.2883  
32.3470 8.5166 -168.8985  
32.3970 7.0484 -44.1536  
32.4300 5.7289 -66.6394  
32.4460 4.1257 -127.5180  
32.4970 2.2805 -25.4354  
32.5300 0.5676 -0.5381  
32.5460 -0.8032 -62.2490  
32.5800 -2.1421 -25.1904  
32.6130 -3.6072 -24.1092  
32.6460 -4.9276 -18.1145  
32.6800 -6.0532 -7.3022  
32.7640 -6.9580 0.0000  
32.7970 -7.6082 10.5446  
32.8300 -7.9945 18.1097  
32.8460 -8.1716 49.7129  
32.8960 -8.2513 19.1297  
32.9130 -8.1378 54.9956  
32.9640 -7.9918 -10.3927  
32.9790 -7.5662 133.3167  
33.0300 -6.8767 40.0144  
33.0640 -5.9424 64.7039  
33.0970 -4.7874 66.9046  
33.1120 -3.4248 161.5143  
33.1640 -1.9748 28.3226  
33.1970 -0.4537 45.6066  
33.2300 0.9400 -9.5881  
33.2640 2.6242 112.9338  
33.2790 4.5449 122.3389  
33.3310 6.1822 -16.0477  
33.3630 7.5364 -24.7013  
33.3820 8.6603 -5.3975  
33.4300 9.8022 49.7367  
33.4460 10.5215 -112.7217  
33.4970 11.0127 -15.8391  
33.5120 11.5437 126.9116  
33.5640 11.9766 -24.9607  
33.5960 11.5777 -139.9656  
33.6120 10.8736 -76.0251  
33.6630 10.2981 8.8550  
33.6790 9.6437 -98.7035  
33.7310 8.7538 -47.2609  
33.7640 7.3912 -70.9259  
33.7790 6.0028 -137.3747  
33.8300 4.4772 -42.7456  
33.8460 2.5976 -102.2270  
33.8980 0.8626 2.8311  
33.9290 -0.5061 -26.3415  
33.9460 -1.8490 -56.2830  
33.9980 -3.3165 -15.2926  
34.0300 -4.6810 -17.1633  
34.0460 -5.8394 -24.7904  
34.0970 -7.0430 -54.7524  
34.1130 -7.7712 168.3215  
34.1640 -8.2566 4.8681  
34.1790 -8.5186 39.8519  
34.2350 -8.7258 12.4328  
34.2660 -8.7557 30.8335  
34.2790 -8.5903 76.6141  
34.3310 -8.2564 17.1039  
34.3460 -7.8544 8.8259  
34.3970 -7.1941 42.8762  
34.4300 -6.0345 66.6765  
34.4460 -4.9242 137.4792  
34.4970 -3.6186 43.1815  
34.5310 -2.1637 61.4836  
34.5460 -0.6417 91.1338  
34.5970 0.7293 -10.8656  
34.6150 2.1158 63.9414  
34.6640 3.8738 93.9634  
34.6960 5.5415 -24.0646  
34.7130 6.9811 -5.6148  
34.7640 8.3470 28.7205  
34.8310 9.3373 -23.2405  
34.8640 10.1234 4.8601  
34.8790 10.7374 24.6484  
34.9300 11.1918 -4.4981  
34.9490 11.2584 -233.2705  
34.9970 11.0519 -32.9109  
35.0120 10.2957 -59.5446  
35.0640 9.6412 4.7467  
35.0800 8.7448 -157.1126  
35.1310 7.4817 -43.1904  
35.1460 6.1535 -147.1704  
35.1970 4.6057 -39.9204  
35.2120 2.8380 -121.9972  
35.2630 1.0070 -16.9036  
35.2820 -0.3945 -7.1550  
35.3310 -1.7200 -16.7558  
35.3640 -3.0456 -27.0999  
35.3790 -4.4557 -39.8203  
35.4300 -5.6493 -6.8402  
35.4460 -6.4998 76.7047  
35.4970 -7.5333 -79.1470  
35.5130 -8.0723 181.7748  
35.5650 -8.3835 8.6323  
35.5970 -8.5487 18.6562  
35.6150 -8.6110 49.6601  
35.6640 -8.4854 21.5857  
35.6790 -8.2625 5.2141  
35.7310 -7.8354 27.7862  
35.7460 -7.2279 97.0100  
35.7970 -6.5392 39.9867  
35.8310 -5.2119 69.1150  
35.8460 -3.9552 146.7653  
35.8970 -2.5368 40.5306  
35.9300 -1.0038 52.7837  
35.9490 0.3653 -39.1918  
35.9970 1.7442 24.0854  
36.0130 3.5779 289.1391  
36.0640 5.2733 1.1976  
36.0800 6.7121 -69.3618  
36.1310 8.0096 12.2584  
36.1970 9.0558 -2.4577  
36.2130 9.8497 -20.1336  
36.2640 10.4353 -0.3009  
36.2820 10.9241 42.9835  
36.3310 11.0397 -91.3613  
36.3460 10.9141 -83.7828  
36.3970 10.1730 -29.9561  
36.4300 9.5050 23.9863  
36.4460 8.7117 -147.6335  
36.4970 7.6203 -46.2037  
36.5130 6.3248 -137.7008  
36.5640 4.8413 -43.1620  
36.5790 3.1610 -132.2886  
36.6330 1.2720 -24.3110  
36.6490 -0.1169 32.7627  
36.6790 -1.4759 -31.9383  
36.7300 -2.7715 -17.5271  
36.7460 -4.2060 -37.3124  
36.7970 -5.4492 -8.8016  
36.8130 -6.4665 -6.0956  
36.8640 -7.6201 -69.9402  
36.8790 -8.1971 237.6871  
36.9310 -8.5408 6.7087  
36.9460 -8.6835 46.4511  
36.9970 -8.7992 15.5850  
37.0130 -8.7233 59.8421  
37.0630 -8.4585 19.9012  
37.0790 -8.1287 3.3396  
37.1300 -7.5763 34.8371  
37.1460 -6.7949 136.9955  
37.1970 -5.4507 40.4405  
37.2130 -4.2282 146.7169  
37.2630 -2.8713 33.8562  
37.2790 -1.3874 122.9282  
37.3310 -0.0259 -8.2618  
37.3460 1.3619 81.3677  
37.3970 2.8664 42.4122  
37.4130 4.7079 213.9091  
37.4640 6.2504 -23.7889  
37.4790 7.5228 -33.8811  
37.5300 8.3597 -44.9757  
37.5460 9.5300 355.1660  
37.5980 10.1741 -68.6490  
37.6130 10.6921 47.0459  
37.6640 11.3082 10.8086  
37.6790 11.3665 -290.4537  
37.7300 11.0697 -27.2223  
37.7490 10.2930 -72.4753  
37.7970 9.6873 10.3581  
37.8130 8.9306 -126.0960  
37.8640 8.1676 -46.2188  
37.8790 6.6156 -147.1673  
37.9300 5.2155 -40.2192  
37.9460 3.5390 -128.5903  
37.9970 1.6813 -24.7385  
38.0130 0.2849 16.0890  
38.0630 -1.0784 -21.1669  
38.0820 -2.3934 -47.0250  
38.1310 -3.8277 -14.2089  
38.1640 -5.1151 -16.6195  
38.1790 -6.1816 -9.8634  
38.2480 -7.0224 0.7069  
38.2970 -7.6233 7.1194  
38.3130 -7.9586 37.3315  
38.3640 -8.0883 15.5887  
38.3790 -8.1481 63.8094  
38.4300 -8.0124 17.5646  
38.4460 -7.7835 2.4438  
38.4970 -7.3300 30.3741  
38.5130 -6.6168 128.0421  
38.5470 -5.6664 65.4270  
38.5970 -4.5026 43.6460  
38.6120 -3.1240 166.4792  
38.6640 -1.8008 0.8287  
38.6790 -0.4952 41.2851  
38.7300 0.8815 32.7036  
38.7460 2.3394 106.7685  
38.8000 4.1872 72.9190  
38.8140 5.8068 -52.3365  
38.8640 7.1698 -10.3593  
38.8840 8.3869 38.3174  
38.9300 9.4872 22.0423  
38.9460 10.0939 -152.4309  
38.9970 10.7454 9.6353  
39.0130 11.4422 66.9740  
39.0630 11.8270 -29.0387  
39.0790 11.6175 -264.6512  
39.1310 10.8837 -25.0901  
39.1630 10.2523 9.0726  
39.1790 9.5582 -71.5152  
39.2310 8.5013 -55.0422  
39.2460 7.1370 -137.3684  
39.2970 5.7957 -43.2940  
39.3150 4.1858 -121.9461  
39.3630 2.3065 -33.7980  
39.3790 0.6147 26.4573  
39.4300 -0.7397 -16.8706  
39.4460 -2.0628 -62.0130  
39.4970 -3.4845 -13.6450  
39.5130 -4.8468 -34.3265  
39.5640 -5.9525 -5.8322  
39.6340 -6.8523 0.0000  
39.6480 -7.5014 21.2460  
39.6970 -7.8762 11.2087  
39.7130 -8.0191 43.4934  
39.7640 -8.1052 19.4550  
39.7790 -8.0092 63.9921  
39.8300 -7.8363 -4.3810  
39.8460 -7.4321 101.0663  
39.8980 -6.7674 39.5413  
39.9130 -5.8677 136.8871  
39.9640 -4.7626 40.2571  
39.9790 -3.4051 188.0727  
40.0130 -1.9436 46.7676  
40.0640 -0.4164 26.5292  
40.0800 0.9737 -23.7061  
40.1300 2.6543 77.2806  
40.1460 4.5233 103.8450  
40.1970 6.1138 -22.8928  
40.2130 7.4036 -59.4851  
40.2640 8.6116 24.2384  
40.2790 10.0818 311.6364  
40.3310 10.7058 -108.4657  
40.3460 11.2028 21.3083  
40.3960 11.7277 32.6255  
40.4130 12.1756 -67.5745  
40.4640 11.7988 -85.9238  
40.4790 11.1860 -46.6505  
40.5310 10.6800 -1.8945  
40.5460 10.1389 -86.9238  
40.5970 9.1948 -54.7565  
40.6130 7.5633 -137.5106  
40.6640 6.2745 -43.4030  
40.6790 4.7495 -136.1180  
40.7300 2.8575 -39.9777  
40.7490 1.1255 23.7204  
40.7970 -0.2545 -17.9406  
40.8130 -1.6636 -61.9866  
40.8640 -3.1425 -15.5887  
40.8790 -4.5458 -36.6411  
40.9310 -5.7096 -7.6257  
40.9460 -6.7597 -70.8879  
40.9970 -7.4971 17.9153  
41.0130 -7.9955 21.7476  
41.0640 -8.2451 8.8097  
41.0820 -8.4701 38.6798  
41.1340 -8.5097 19.0893  
41.1660 -8.3543 29.9744  
41.1800 -8.0100 78.1105  
41.2310 -7.6179 -1.4070  
41.2460 -6.9675 145.7792  
41.2970 -6.0053 40.2685  
41.3130 -4.9000 146.6437  
41.3640 -3.6835 28.5993  
41.3790 -2.2168 196.7883  
41.4300 -0.7119 21.1556  
41.4460 0.6138 -49.9882  
41.4970 1.9980 30.2634  
41.5150 3.7252 251.3724  
41.5640 5.4647 1.0258  
41.5800 6.8619 -77.2582  
41.6300 8.3186 52.9730  
41.6980 9.5256 -2.1987  
41.7130 10.3032 -189.1234  
41.7640 10.9103 24.4626  
41.7790 11.3967 -8.5473  
41.8310 11.5115 -86.8428  
41.8480 11.3273 -85.1102  
41.8970 10.7592 13.9918  
41.9130 10.0625 -77.2106  
41.9650 9.2238 -51.0845  
41.9790 7.9137 -147.4704  
42.0310 6.3982 -42.3908  
42.0460 4.9480 -145.5977  
42.0970 3.2218 -29.6356  
42.1130 1.4853 -14.5028  
42.1640 0.1009 -19.5075  
42.1820 -1.2247 -47.6989  
42.2300 -2.7082 -18.6225  
42.2460 -4.1233 -34.4004  
42.2970 -5.3222 -9.7151  
42.3130 -6.3217 -4.3565  
42.3640 -7.4812 -74.5992  
42.3790 -8.0250 264.8943  
42.4140 -8.3726 12.8370  
42.4470 -8.6275 21.0981  
42.4970 -8.7034 15.8858  
42.5150 -8.5977 53.2494  
42.5640 -8.2931 22.3246  
42.5800 -7.9502 -10.3983  
42.6300 -7.3390 43.7277  
42.6460 -6.5155 128.3760  
42.6970 -5.1063 40.2525  
42.7130 -3.8803 133.7727  
42.7640 -2.5614 27.0372  
42.7790 -1.0462 177.2704  
42.8310 0.3029 -16.6643  
42.8490 1.6779 67.6240  
42.8970 3.3951 94.0878  
42.9130 5.2289 62.4732  
42.9640 6.7202 -24.2969  
42.9800 8.0642 36.3434  
43.0310 9.1051 -19.1733  
43.0460 10.0803 98.8765  
43.0980 10.6536 -50.7761  
43.1130 11.0924 87.6225  
43.1640 11.6657 9.3879  
43.1820 11.6776 -244.3151  
43.2300 11.1009 -28.5274  
43.2460 10.4195 -2.9315  
43.2970 9.7873 -14.6598  
43.3130 8.8834 -133.4713  
43.3640 7.8316 -48.1919  
43.3790 6.4370 -129.5489  
43.4300 5.1011 -40.2748  
43.4510 3.4298 -97.1296  
43.4810 1.4755 -78.3753  
43.5300 0.0986 28.0937  
43.5460 -1.2372 -59.9271  
43.5970 -2.6577 -17.5191  
43.6130 -4.0731 -43.5148  
43.6640 -5.3198 -8.8097  
43.6790 -6.4795 -105.8530  
43.7310 -7.6517 -39.7573  
43.7460 -8.2628 237.0685  
43.7970 -8.6251 8.8016  
43.8150 -8.6925 33.1666  
43.8470 -8.8182 24.8328  
43.8970 -8.7621 17.1644  
43.9130 -8.5229 58.6000  
43.9640 -8.1988 3.0097  
43.9790 -7.6697 106.6969  
44.0300 -6.7640 42.7027  
44.0460 -5.4306 138.1373  
44.0970 -4.2474 40.2713  
44.1130 -2.8691 149.9804  
44.1460 -1.3927 47.8093  
44.1960 -0.0870 -18.2485  
44.2130 1.2610 75.4269  
44.2640 2.6607 28.4958  
44.2800 4.4781 270.7199  
44.3310 6.0060 -25.3916  
44.3460 7.1865 -86.3736  
44.3970 8.5614 81.4429  
44.4130 9.5547 -110.1177  
44.4640 10.1889 -23.3641  
44.4790 10.7455 53.4495  
44.5300 11.3971 0.7356  
44.5460 11.5033 -260.7512  
44.5800 11.3102 -45.2596  
44.6300 10.5607 -24.6560  
44.6460 10.0009 37.5651  
44.6970 9.3603 -41.2297  
44.7130 8.0734 -144.3387  
44.7640 6.7425 -43.1715  
44.7790 5.3256 -136.7704  
44.8300 3.6246 -40.0017  
44.8460 1.7020 -136.1082  
44.8970 0.3075 21.7419  
44.9120 -1.0327 -66.3861  
44.9640 -2.3353 -16.4773  
44.9790 -3.7776 -53.0271  
45.0300 -5.0545 -8.8179  
45.0460 -6.2296 -80.6893  
45.1140 -7.0852 14.6115  
45.1640 -7.6959 7.9308  
45.1790 -8.0378 43.2719  
45.2300 -8.0923 13.6385  
45.2470 -8.1620 56.3024  
45.2970 -8.0425 17.9159  
45.3130 -7.8316 3.5990  
45.3640 -7.3867 30.2929  
45.3830 -6.6933 107.0699  
45.4160 -5.6648 62.4249  
45.4460 -4.5304 68.4433  
45.4980 -3.1638 52.2829  
45.5150 -1.7303 77.4609  
45.5630 -0.4096 -8.9785  
45.5790 0.9280 70.3063  
45.6310 2.3183 27.3694  
45.6460 4.1445 294.4734  
45.6970 5.6942 -23.9372  
45.7130 6.9286 -69.8943  
45.7640 8.1630 40.4047  
45.7790 9.3199 85.1420  
45.8310 9.8293 -72.2116  
45.8460 10.3707 109.0675  
45.8970 11.0570 19.9559  
45.9130 11.2095 -263.2760  
45.9640 11.0748 -28.4147  
45.9790 10.3800 -78.9409  
46.0310 9.8485 7.9366  
46.0460 9.3046 -82.8391  
46.0970 8.2557 -58.6240  
46.1160 6.8788 -105.3563  
46.1460 5.6567 -73.5959  
46.1970 4.0709 -39.2380  
46.2130 2.2225 -100.4353  
46.2470 0.8121 4.8909  
46.2970 -0.5530 -19.9121  
46.3130 -1.8854 -53.5728  
46.3640 -3.3386 -15.5924  
46.3820 -4.7173 -27.6566  
46.4140 -5.8319 -10.9016  
46.4980 -6.7463 0.0000  
46.5130 -7.4102 19.8296  
46.5640 -7.8191 10.7691  
46.5800 -7.9977 43.4934  
46.6300 -8.0972 19.1297  
46.6460 -7.9977 62.2253  
46.6970 -7.7027 21.5068  
46.7150 -7.3224 3.2107  
46.7470 -6.6922 62.5512  
46.7800 -5.8072 66.6394  
46.8310 -4.7056 42.4847  
46.8460 -3.4738 106.5812  
46.8970 -2.1207 34.5383  
46.9130 -0.7236 71.0323  
46.9640 0.6169 7.6623  
46.9790 1.9811 82.1923  
47.0130 3.6732 128.6793  
47.0460 5.3346 -7.5337  
47.0800 6.6949 -29.6883  
47.1300 8.0196 36.8472  
47.1460 9.2948 104.5135  
47.1970 10.0650 -67.6752  
47.2130 10.6635 2.8212  
47.2640 11.3185 33.3513  
47.2790 11.7916 -95.2033  
47.3300 11.7244 -81.7666  
47.3460 11.0876 -82.6031  
47.3970 10.5047 5.7082  
47.4150 9.9043 -65.8211  
47.4480 8.8571 -79.5346  
47.4830 7.4388 -58.2704  
47.5130 6.1449 -73.5871  
47.5460 4.6284 -66.1079  
47.5800 2.7836 -46.4916  
47.6130 0.9830 -29.9051  
47.6470 -0.3837 4.9668  
47.6800 -1.7041 -26.0067  
47.7130 -3.1430 -27.0936  
47.7680 -4.5132 -9.0466  
47.7830 -5.6658 -29.9254  
47.8140 -6.6283 -4.4553  
47.8460 -7.4961 -39.3893  
47.8800 -7.9860 46.9659  
47.9130 -8.2729 13.6277  
47.9640 -8.4014 11.7000  
47.9790 -8.4612 57.0754  
48.0140 -8.3256 31.3055  
48.0460 -8.0065 29.3888  
48.0810 -7.6296 2.3242  
48.1130 -7.0038 63.7468  
48.1490 -6.1588 57.0513  
48.1800 -4.9823 66.2623  
48.2130 -3.7395 68.4885  
48.2470 -2.4821 17.5062  
48.2970 -1.1122 34.4430  
48.3130 0.2374 40.8431  
48.3640 1.6004 24.1013  
48.3790 3.2981 285.8501  
48.4130 4.9611 -7.8124  
48.4470 6.4096 -3.0925  
48.4800 7.6055 -14.3117  
48.5650 8.7232 14.9613  
48.5810 9.3402 -171.6488  
48.6130 10.1956 93.0961  
48.6470 10.8020 -22.5560  
48.6810 10.9038 -129.2268  
48.7130 10.7568 -39.3419  
48.7470 10.0283 -44.9052  
48.7810 9.3737 13.9283  
48.8130 8.5131 -67.6789  
48.8470 7.4788 -64.9643  
48.8800 6.0966 -66.8934  
48.9130 4.7852 -61.7456  
48.9470 3.0358 -41.2351  
48.9800 1.2151 -44.8303  
49.0130 -0.1566 2.9169  
49.0640 -1.4982 -18.7872  
49.0790 -2.7666 -52.9645  
49.1130 -4.1519 -20.4827  
49.1470 -5.3557 -10.2863  
49.1800 -6.2815 17.3161  
49.2130 -7.3760 -118.0326  
49.2490 -7.9344 92.3234  
49.2800 -8.3176 11.2817  
49.3130 -8.4832 21.1034  
49.3470 -8.5729 25.1703  
49.3800 -8.4771 27.1765  
49.4140 -8.2024 29.2562  
49.4500 -7.7125 40.4065  
49.4800 -7.1554 10.7859  
49.5130 -6.4356 66.5761  
49.5470 -5.1060 64.8170  
49.5800 -3.9099 60.2725  
49.6130 -2.5052 73.7856  
49.6470 -1.0262 42.3384  
49.6800 0.3157 -15.5832  
49.7130 1.6797 33.8531  
49.7470 3.3553 120.8794  
49.7840 5.0271 38.3081  
49.8130 6.5320 -46.3875  
49.8470 7.6720 -42.6997  
49.9140 8.8703 41.5917  
49.9470 9.5085 -109.4742  
49.9980 10.2768 73.2657  
50.0130 10.8097 -61.0180  
50.0470 10.9660 -125.8558  
50.0800 10.8652 -44.0712  
50.1160 10.2296 -34.4109  
50.1460 9.3472 -35.0077  
50.1790 8.5399 -17.9862  
50.2310 7.6500 -43.8059  
50.2460 6.2755 -137.3470  
50.2800 5.0277 -68.9653  
50.3140 3.2244 -53.5071  
50.3460 1.3240 -58.9251  
50.3810 -0.0642 24.0729  
50.4140 -1.4071 -30.3468  
50.4460 -2.7118 -26.7541  
50.4800 -3.9711 -17.5500  
50.5130 -5.2160 -13.6277  
50.5470 -6.2579 -7.2814  
50.6310 -7.0888 0.5869  
50.6460 -7.6404 29.9254  
50.6800 -7.9603 14.6341  
50.7130 -8.0022 27.0936  
50.7470 -8.0426 25.2418  
50.7800 -7.8948 26.6708  
50.8130 -7.6428 5.6125  
50.8470 -7.1699 47.4389  
50.8810 -6.4477 60.0993  
50.9130 -5.4927 65.0137  
50.9470 -4.3254 63.8840  
50.9800 -2.9579 74.2615  
51.0130 -1.5897 15.3079  
51.0460 -0.2755 10.7278  
51.0800 1.0539 29.7092  
51.1140 2.4612 48.7808  
51.1470 4.2710 127.5982  
51.1800 5.7900 -39.2276  
51.2170 7.0478 -15.3910  
51.2470 8.3122 71.5687  
51.2800 9.3546 -1.4662  
51.3130 10.0291 -37.2308  
51.3470 10.5955 -16.9069  
51.3790 11.2340 33.5678  
51.4140 11.3589 -117.9007  
51.4460 11.1639 -48.0883  
51.4800 10.4162 -38.7435  
51.5130 9.7251 -22.0749  
51.5460 8.9774 -34.4097  
51.5820 7.8440 -47.4887  
51.6190 6.4980 -58.7791  
51.6460 5.0654 -77.5464  
51.6800 3.4856 -60.2277  
51.7130 1.5944 -61.8047  
51.7470 0.0880 -8.1816  
51.7800 -1.2422 6.7460  
51.8130 -2.5364 -28.9844  
51.8470 -3.8273 -20.4675  
51.8800 -5.0644 -18.1049  
51.9130 -6.1554 -7.5518  
52.0010 -7.0290 0.0000  
52.0160 -7.6483 29.8978  
52.0470 -8.0032 19.2629  
52.0790 -8.0845 21.7363  
52.1140 -8.0523 24.5004  
52.1470 -7.9428 30.1642  
52.1800 -7.7266 3.3339  
52.2140 -7.3174 36.3277  
52.2470 -6.6487 60.5208  
52.2800 -5.7195 71.3647  
52.3170 -4.5885 54.5548  
52.3460 -3.2304 93.7902  
52.3800 -1.8046 37.4392  
52.4140 -0.2926 45.8460  
52.4470 1.0450 -26.8817  
52.4800 2.6719 117.8267  
52.5140 4.4826 57.3139  
52.5460 6.0951 -23.3436  
52.5800 7.4321 -22.2944  
52.6130 8.5587 7.5886  
52.6470 9.7986 92.7232  
52.6800 10.4734 -88.8419  
52.7130 10.9106 -33.4203  
52.7470 11.4009 61.4709  
52.7800 11.8150 -49.9746  
52.8130 11.4470 -119.1879  
52.8470 10.7565 -37.5364  
52.8800 10.0021 -41.9974  
52.9130 9.3093 -4.3028  
52.9470 8.3888 -59.5925  
52.9800 6.9470 -62.4304  
53.0160 5.5917 -57.4429  
53.0470 4.1324 -69.0851  
53.0800 2.2738 -57.6976  
53.1130 0.6316 15.6107  
53.1470 -0.7169 -29.2717  
53.1800 -2.0334 -29.0043  
53.2140 -3.2808 -20.4577  
53.2470 -4.5738 -18.0955  
53.2800 -5.6892 -7.5801  
53.3630 -6.6085 -1.1946  
53.3790 -7.3060 9.3770  
53.4140 -7.7296 17.0703  
53.4470 -7.8931 21.0877  
53.4800 -8.0226 25.9642  
53.5140 -7.9529 29.2880  
53.5460 -7.6702 36.6378  
53.5810 -7.3103 2.2086  
53.6130 -6.6901 62.6889  
53.6470 -5.8394 60.3985  
53.6800 -4.7731 62.3527  
53.7160 -3.4990 61.9144  
53.7470 -2.0913 62.3239  
53.7800 -0.6311 37.0099  
53.8130 0.7090 -10.4136  
53.8460 2.3130 110.1471  
53.8800 4.0075 61.0759  
53.9130 5.6232 -21.5300  
53.9470 7.0269 -3.3293  
53.9790 8.4374 66.2565  
54.0470 9.5307 -16.3765  
54.0800 10.3084 -28.0821  
54.1140 10.9133 5.9817  
54.1460 11.3609 -10.9783  
54.1790 11.4273 -125.9166  
54.2130 10.9834 -43.2033  
54.2460 10.2050 -38.4167  
54.2800 9.5403 12.5194  
54.3130 8.6656 -67.0552  
54.3470 7.3433 -69.2819  
54.3790 5.9257 -64.5699  
54.4130 4.3965 -60.0993  
54.4470 2.6752 -50.5035  
54.4800 0.9855 -1.0865  
54.5130 -0.3713 -25.0215  
54.5470 -1.6670 -25.2523  
54.5800 -2.9154 -24.0748  
54.6130 -4.2760 -21.1034  
54.6470 -5.4503 -10.2863  
54.6800 -6.2836 31.9525  
54.7130 -7.2704 -109.1021  
54.7470 -7.7931 76.3771  
54.7800 -8.0942 15.0894  
54.8130 -8.3222 21.0929  
54.8470 -8.3920 22.2578  
54.8800 -8.2663 33.2028  
54.9130 -7.9618 30.1276  
54.9470 -7.5846 0.8684  
54.9800 -6.9981 52.8579  
55.0130 -6.2825 71.0551  
55.0470 -5.0009 60.5974  
55.0800 -3.7518 68.8131  
55.1140 -2.4843 20.0954  
55.1460 -1.0192 83.4741  
55.1800 0.3167 -15.7415  
55.2140 1.6613 34.7908  
55.2500 3.3320 118.1922  
55.2800 5.1213 40.5355  
55.3140 6.6146 -35.7721  
55.3470 7.9563 25.1205  
55.4140 9.1901 14.6428  
55.4470 9.9422 -77.1362  
55.4800 10.6526 8.0361  
55.5140 11.1539 17.1009  
55.5470 11.2617 -135.4716  
55.5830 11.1298 -33.7377  
55.6130 10.6097 12.4250  
55.6480 9.8372 -37.3653  
55.6800 8.9560 -71.9619  
55.7140 7.7919 -58.8349  
55.7460 6.3079 -69.2920  
55.7800 4.8735 -60.2982  
55.8130 3.2170 -59.2758  
55.8470 1.3690 -39.1972  
55.8800 0.0149 14.1989  
55.9130 -1.3073 -27.1711  
55.9460 -2.7525 -25.9434  
55.9800 -4.1265 -17.5500  
56.0130 -5.3152 -13.6277  
56.0470 -6.3187 -4.3592  
56.0800 -7.4739 -113.1448  
56.1130 -8.0458 114.6324  
56.1470 -8.3771 13.2146  
56.1790 -8.5154 18.6515  
56.2130 -8.6113 26.2846  
56.2460 -8.5316 26.0285  
56.2800 -8.2767 26.3328  
56.3140 -7.8171 42.6800  
56.3460 -7.2686 13.7095  
56.3800 -6.5020 59.7889  
56.4130 -5.1551 62.7255  
56.4470 -3.9728 62.8195  
56.4810 -2.6446 56.1323  
56.5130 -1.2962 24.9713  
56.5470 -0.0104 7.8789  
56.5800 1.3364 44.5125  
56.6140 2.7375 42.2911  
56.6470 4.3992 122.9743  
56.6800 5.8903 -38.4243  
56.7130 7.0977 -24.3944  
56.7980 8.4969 46.9324  
56.8130 9.2971 -257.0133  
56.8470 10.0096 30.3776  
56.8820 10.6581 4.5166  
56.9140 10.8668 -129.0518  
56.9470 10.7866 -43.0547  
56.9800 10.4408 -36.9137  
57.0140 9.7576 20.1519  
57.0470 8.9583 -73.6073  
57.0800 8.0142 -68.2890  
57.1140 6.4673 -59.9606  
57.1470 5.0998 -62.4627  
57.1800 3.4390 -57.5825  
57.2130 1.6110 -45.8743  
57.2470 0.2422 13.5874  
57.2790 -1.0805 -29.9853  
57.3140 -2.3707 -25.5166  
57.3460 -3.7990 -21.7467  
57.3800 -5.0295 -13.2391  
57.4130 -6.0593 -7.5162  
57.4810 -6.8804 0.7326  
57.5130 -7.4603 10.9292  
57.5470 -7.8004 14.6341  
57.5800 -7.8998 27.0936  
57.6130 -7.9595 26.0067  
57.6470 -7.8337 26.3421  
57.6790 -7.4845 41.9109  
57.7130 -7.0348 9.0695  
57.7470 -6.3225 64.0148  
57.7800 -5.3790 62.5657  
57.8140 -4.2350 60.3982  
57.8470 -2.8778 75.2384  
57.8800 -1.4373 40.2816  
57.9140 0.0658 44.7389  
57.9470 1.4006 -24.9943  
57.9830 2.7870 39.1974  
58.0130 4.4647 141.8046  
58.0470 6.0319 -23.4337  
58.0800 7.3053 -23.0476  
58.1130 8.5676 59.1763  
58.1470 9.8438 64.4994  
58.1810 10.5211 -103.1226  
58.2130 11.0105 -17.1989  
58.2470 11.4646 34.3751  
58.2810 11.6002 -117.9260  
58.3160 11.4246 -48.6103  
58.3480 10.7106 -35.3178  
58.3790 10.1166 13.0292  
58.4130 9.4166 -53.5792  
58.4470 8.2988 -65.3990  
58.4800 6.7613 -60.7565  
58.5130 5.3656 -63.2849  
58.5470 3.8070 -64.0965  
58.5800 2.0369 -28.6643  
58.6130 0.6311 -11.0960  
58.6470 -0.6891 -24.8940  
58.6800 -1.9821 -25.9853  
58.7140 -3.3851 -20.4577  
58.7470 -4.6656 -18.0955  
58.7800 -5.7487 -7.5801  
58.8640 -6.6314 0.0000  
58.8790 -7.2802 16.6762  
58.9140 -7.6513 17.0614  
58.9460 -7.8584 21.7363  
58.9800 -7.9430 25.2210  
59.0130 -7.8434 30.1642  
59.0500 -7.5191 37.5901  
59.0800 -7.1333 -2.7085  
59.1140 -6.4837 60.0216  
59.1470 -5.6037 62.2214  
59.1800 -4.5038 66.6613  
59.2130 -3.2075 67.0771  
59.2460 -1.8002 51.7659  
59.2800 -0.5215 -17.4022  
59.3130 0.8161 43.8436  
59.3470 2.2816 66.9148  
59.3800 3.9343 98.8651  
59.4130 5.4832 -33.9292  
59.4460 6.7297 -29.8135  
59.4810 8.1964 121.6254  
59.5130 9.3602 -25.9639  
59.5470 9.9974 -89.7334  
59.5800 10.4579 -1.8008  
59.6130 11.1863 63.2463  
59.6470 11.3378 -127.1050  
59.6810 11.1311 -38.4536  
59.7140 10.4778 -36.4644  
59.7500 9.9445 2.2312  
59.7800 9.3515 -52.7138  
59.8140 8.1321 -59.0176  
59.8470 6.7777 -66.0602  
59.8800 5.5218 -62.6495  
59.9140 4.0676 -60.0520  
59.9470 2.2392 -50.1228  
59.9790 0.6848 -49.4696  
60.0140 -0.6537 24.3633  
60.0470 -1.9576 -26.0067  
60.0800 -3.3392 -21.0678  
60.1140 -4.6322 -20.4827  
60.1460 -5.7595 -10.9292  
60.1800 -6.8225 -45.2208  
60.2140 -7.5713 31.6283  
60.2470 -8.0447 21.5844  
60.2800 -8.3129 12.0667  
60.3130 -8.3531 21.0877  
60.3460 -8.3930 25.9642  
60.3810 -8.2474 28.4512  
60.4130 -7.9253 33.4513  
60.4480 -7.5191 4.1435  
60.4800 -6.8738 63.7590  
60.5130 -5.8694 62.2288  
60.5470 -4.7698 59.6627  
60.5800 -3.6013 42.4337  
60.6130 -2.3456 38.4901  
60.6470 -1.0635 28.2309  
60.6800 0.2732 42.5251  
60.7130 1.6157 31.9104  
60.7470 3.2904 129.2212  
60.7800 5.0506 30.2888  
60.8130 6.3878 -66.3773  
60.8510 7.7178 52.1665  
60.9140 8.8510 0.9568  
60.9470 9.6117 -70.4351  
60.9800 10.4581 64.4338  
61.0140 11.0781 -38.3199  
61.0470 11.1442 -125.3367  
61.0800 10.9619 -43.3811  
61.1140 10.2134 -37.2868  
61.1460 9.4143 15.3939  
61.1810 8.6052 -65.4217  
61.2130 7.3940 -63.7154  
61.2460 5.9695 -62.8087  
61.2800 4.5577 -64.6092  
61.3130 2.7274 -62.4055  
61.3470 0.9276 -29.3493  
61.3800 -0.4155 13.0675  
61.4130 -1.7013 -26.0285  
61.4470 -2.9497 -26.2846  
61.4790 -4.2971 -15.5410  
61.5140 -5.4605 -12.8489  
61.5470 -6.3494 21.4086  
61.5800 -7.4010 -112.1378  
61.6130 -7.9384 89.2675  
61.6470 -8.2201 14.6456  
61.6800 -8.3323 21.0929  
61.7140 -8.4120 22.2578  
61.7460 -8.3062 31.1306  
61.7800 -8.0302 23.7722  
61.8130 -7.6589 13.8308  
61.8470 -7.0811 47.4717  
61.8800 -6.3701 61.7977  
61.9130 -5.0691 66.6560  
61.9470 -3.8637 58.5064  
61.9790 -2.4892 68.3971  
62.0140 -1.0420 40.6828  
62.0470 0.2868 -12.9750  
62.0790 1.6309 35.9257  
62.1140 3.2980 115.3983  
62.1470 5.0201 30.4692  
62.1800 6.4489 -39.9724  
62.2140 7.8325 46.7051  
62.2800 8.9702 -3.9370  
62.3130 9.6698 -72.4572  
62.3460 10.2589 32.8085  
62.3800 10.7737 20.0500  
62.4130 10.8886 -134.1441  
62.4470 10.7607 -37.6319  
62.4800 10.2804 15.6318  
62.5140 9.5871 -33.0872  
62.5460 8.7839 -75.5827  
62.5810 7.6063 -61.5826  
62.6160 6.2486 -58.8653  
62.6470 4.9251 -66.1443  
62.6800 3.2942 -60.3059  
62.7130 1.4216 -52.5934  
62.7460 0.0775 26.0035  
62.7800 -1.2283 -26.3668  
62.8130 -2.6713 -25.9537  
62.8460 -4.0714 -21.0929  
62.8800 -5.2648 -10.3123  
62.9170 -6.2674 -6.7036  
62.9460 -7.4334 -127.4061  
62.9810 -8.0100 109.8205  
63.0130 -8.3526 10.9430  
63.0460 -8.4620 18.0863  
63.0810 -8.5716 24.4512  
63.1130 -8.5018 28.0258  
63.1460 -8.2569 27.1307  
63.1800 -7.9149 8.0852  
63.2130 -7.3776 48.5670  
63.2500 -6.6109 55.2712  
63.2800 -5.2685 68.7489  
63.3130 -4.1160 58.9429  
63.3470 -2.7351 77.4901  
63.3800 -1.3141 30.2099  
63.4130 -0.0190 -12.2177  
63.4470 1.3173 38.5022  
63.4800 2.6838 36.2805  
63.5140 4.4632 129.5270  
63.5470 5.9777 -31.6968  
63.5800 7.2100 -23.5472  
63.6130 8.4192 55.4672  
63.6460 9.5485 34.7580  
63.6800 10.0079 -119.5402  
63.7130 10.4383 21.4363  
63.7470 11.0545 42.7809  
63.7800 11.1190 -127.5368  
63.8130 10.9228 -42.6921  
63.8470 10.3092 6.7520  
63.8800 9.7049 -28.8756  
63.9140 8.9861 -56.5472  
63.9500 7.8655 -60.7358  
63.9800 6.4242 -68.6797  
64.0140 5.1686 -64.9492  
64.0460 3.6374 -63.9857  
64.0800 1.7680 -56.6966  
