Tempo Angle omega x y
s degrees degrees/s  
0.0330 -9.1080 69.1228  
0.0650 -7.6361 69.8187  
0.0980 -5.9206 91.5381  
0.1300 -3.9034 56.6564  
0.1640 -1.6548 54.2046  
0.1960 0.5502 53.5669  
0.2300 2.6005 12.5832  
0.2640 4.4927 11.6552  
0.2960 6.0424 -28.9260  
0.3300 7.3992 20.4374  
0.3640 8.5646 12.7972  
0.3970 9.4118 -28.6936  
0.4640 10.0664 16.3230  
0.4960 10.5106 -9.0424  
0.5300 10.7187 -15.2715  
0.5630 10.6912 -19.4430  
0.5970 10.5257 -28.0159  
0.6300 10.4060 25.9010  
0.6630 10.3617 -5.1880  
0.6970 10.0660 -53.5258  
0.7300 9.5701 -47.4760  
0.7640 8.9758 -56.8034  
0.7890 7.9933 -111.4928  
0.8290 6.8176 -55.5446  
0.8630 5.4587 -69.1752  
0.8970 3.9139 -73.5345  
0.9310 2.2268 -69.8541  
0.9630 0.2784 -54.9559  
0.9970 -1.8636 -61.9827  
1.0300 -4.0218 -60.0606  
1.0630 -6.1836 -48.5553  
1.0970 -8.2287 -22.4832  
1.1300 -9.7489 74.6205  
1.1640 -11.0192 8.1148  
1.1970 -12.1162 -18.7417  
1.2330 -12.9986 -9.8377  
1.2630 -14.3028 -219.7479  
1.2970 -14.8954 157.5476  
1.3300 -15.0826 58.9964  
1.3640 -15.0184 15.6476  
1.3970 -14.7232 21.4418  
1.4310 -14.2779 21.6560  
1.4630 -14.2339 -48.4546  
1.4970 -14.2182 -0.1986  
1.5310 -13.9560 54.3233  
1.5670 -13.4642 53.9171  
1.5970 -12.1124 66.9324  
1.6300 -11.0607 71.3821  
1.6630 -9.9523 76.1909  
1.6970 -8.6496 72.7806  
1.7300 -7.1809 71.7318  
1.7630 -5.5643 67.1348  
1.7970 -3.5166 81.2061  
1.8300 -1.3113 47.5520  
1.8640 0.8970 55.1959  
1.8960 3.0788 52.3631  
1.9340 4.9867 -19.2063  
1.9630 6.5536 -36.3998  
1.9970 7.9386 20.4714  
2.0300 9.1139 11.4332  
2.0630 10.0898 11.3184  
2.1310 10.9341 13.2176  
2.1640 11.3924 -33.2927  
2.1970 11.6504 -13.1485  
2.2300 11.6655 -16.7347  
2.2640 11.4262 -25.5454  
2.2970 11.3990 42.1659  
2.3330 11.3288 -41.2734  
2.3630 11.1417 -15.7636  
2.3970 10.7357 -53.2799  
2.4300 10.1304 -49.0822  
2.4630 9.1384 -89.9512  
2.4980 8.0324 -63.9555  
2.5300 6.7461 -69.9021  
2.5630 5.2669 -75.1729  
2.5970 3.6503 -65.9794  
2.6300 1.6818 -64.4663  
2.6630 -0.3359 -59.9219  
2.6970 -2.4912 -54.4109  
2.7340 -4.6378 -46.5760  
2.7630 -6.7820 -55.0649  
2.7970 -8.4148 63.1295  
2.8300 -9.7449 23.9114  
2.8630 -10.9129 -18.6752  
2.8960 -11.8769 -13.3680  
2.9300 -12.5398 22.5756  
2.9630 -13.5845 -180.1639  
2.9970 -13.9138 152.2894  
3.0310 -14.0204 11.0467  
3.0630 -13.8840 22.1197  
3.0970 -13.6963 -31.9067  
3.1300 -13.7530 -9.0102  
3.1640 -13.7289 46.9624  
3.1970 -13.5951 14.5918  
3.2300 -13.2282 57.2602  
3.2640 -12.7279 61.8216  
3.2970 -11.4080 68.1771  
3.3300 -10.3569 75.4524  
3.3640 -9.1076 69.3412  
3.3970 -7.6930 71.5514  
3.4310 -5.9351 69.0582  
3.4630 -3.8865 81.5432  
3.4960 -1.8229 52.9374  
3.5310 0.3805 53.7281  
3.5630 2.5592 51.2791  
3.5960 4.5446 5.1425  
3.6340 6.1335 -45.1249  
3.6630 7.5430 23.9800  
3.6970 8.7719 16.2270  
3.7300 9.7994 10.5237  
3.7640 10.3967 -57.4626  
3.7970 11.1880 137.8347  
3.8300 11.5451 -78.6308  
3.8640 11.6707 -12.7658  
3.8970 11.5770 -16.7267  
3.9300 11.3882 -23.6975  
3.9670 11.3819 3.0009  
3.9960 11.1998 -36.6757  
4.0300 11.0210 17.2243  
4.0630 10.6113 -59.4717  
4.0970 10.2500 -43.2122  
4.1300 9.1494 -86.1924  
4.1630 8.0842 -67.9047  
4.1970 6.8390 -65.6903  
4.2300 5.4247 -67.9883  
4.2640 3.8532 -69.2583  
4.2960 2.0455 -70.3076  
4.3300 0.1558 -55.4123  
4.3630 -1.9992 -62.6302  
4.3970 -4.1301 -50.6476  
4.4300 -6.1309 -5.0967  
4.4640 -7.8523 -1.4955  
4.4970 -9.2143 41.0327  
4.5300 -10.4144 -18.6622  
4.5640 -11.4432 -15.5613  
4.5970 -12.3098 -22.2198  
4.6300 -13.6275 -204.8899  
4.6630 -14.0250 221.7576  
4.6970 -14.1784 11.0381  
4.7300 -14.0975 18.7781  
4.7650 -13.9204 22.7009  
4.7970 -13.8957 -49.2309  
4.8300 -13.9446 18.7547  
4.8630 -13.8747 17.3122  
4.8970 -13.5543 58.1210  
4.9300 -12.9503 63.7229  
4.9630 -11.4575 64.4486  
4.9970 -10.4474 73.2841  
5.0300 -9.2390 71.4146  
5.0630 -7.8692 67.7317  
5.0970 -6.3412 69.8671  
5.1300 -4.3578 90.2704  
5.1630 -2.2764 48.4632  
5.1970 -0.0802 50.5745  
5.2300 2.0906 52.1688  
5.2640 4.0734 6.5614  
5.2960 5.6776 -51.8750  
5.3300 7.1194 25.5454  
5.3630 8.3865 18.4689  
5.3970 9.4678 11.0786  
5.4300 10.4653 46.6038  
5.4630 11.8559 209.4099  
5.4960 12.2592 -250.7484  
5.5310 12.4471 -12.4050  
5.5640 12.4163 -14.0811  
5.5970 12.2937 -21.0794  
5.6310 12.2331 -30.6047  
5.6630 12.1538 21.3254  
5.6990 12.0330 5.3964  
5.7300 11.6818 -62.1923  
5.7640 11.0173 -46.8750  
5.7970 9.4009 -79.0884  
5.8300 8.3889 -67.5775  
5.8640 7.1975 -65.5390  
5.8970 5.8165 -71.5013  
5.9310 4.2688 -69.5332  
5.9640 2.6003 -68.1100  
5.9970 0.6786 -56.0649  
6.0340 -1.4636 -54.3531  
6.0630 -3.5984 -63.8913  
6.0970 -5.7337 -47.0481  
6.1310 -7.5629 13.2847  
6.1640 -8.9604 63.2369  
6.1970 -10.2053 -21.3100  
6.2300 -11.2760 -18.6950  
6.2640 -12.1368 -7.7906  
6.3300 -12.7729 0.0000  
6.3640 -13.1952 8.4306  
6.3990 -13.3721 12.6555  
6.4300 -13.2843 25.6562  
6.4640 -12.9539 24.2733  
6.4970 -12.8054 -41.4214  
6.5300 -12.8474 5.5016  
6.5640 -12.6605 46.6548  
6.5970 -12.1984 64.6880  
6.6300 -11.5248 56.0516  
6.6640 -10.6018 73.3867  
6.6970 -9.4463 79.1194  
6.7300 -8.0992 71.4809  
6.7630 -6.6071 68.0269  
6.7970 -4.9497 72.9292  
6.8300 -2.9332 67.3608  
6.8630 -0.7630 52.0900  
6.8970 1.4288 53.0072  
6.9300 3.5345 38.5966  
6.9640 5.3555 -29.3217  
6.9970 6.8671 -18.1739  
7.0300 8.1784 18.4579  
7.0650 9.2916 10.7799  
7.0960 10.3978 70.1467  
7.1640 11.2694 1.9679  
7.1960 11.6878 -72.1364  
7.2300 11.8824 -15.3024  
7.2640 11.8327 -18.8215  
7.2970 11.5689 -26.2907  
7.3310 11.5681 48.0250  
7.3630 11.5593 -21.2316  
7.3970 11.3099 -52.8284  
7.4300 10.8516 -51.8962  
7.4630 10.0169 -48.1694  
7.4970 8.8591 -91.0770  
7.5300 7.7210 -63.9985  
7.5640 6.3984 -69.5607  
7.5970 4.8918 -75.1520  
7.6190 3.2474 -102.0726  
7.6630 1.2518 -42.7100  
7.6980 -0.8738 -56.5234  
7.7300 -3.0048 -57.8483  
7.7630 -5.1243 -48.4230  
7.7970 -7.1177 -9.6461  
7.8340 -8.5480 68.5034  
7.8630 -9.8373 -24.2331  
7.8960 -10.9452 -16.6819  
7.9300 -11.8314 -7.7446  
7.9630 -12.6375 -43.7713  
7.9970 -13.1651 26.6391  
8.0300 -13.4389 16.9581  
8.0630 -13.4812 14.0819  
8.0970 -13.3017 18.2003  
8.1300 -13.0013 26.7124  
8.1630 -13.1475 -58.5235  
8.1970 -13.2140 2.7747  
8.2300 -13.0274 59.9982  
8.2640 -12.6008 62.8586  
8.3000 -11.8573 47.9159  
8.3300 -10.9421 87.3997  
8.3640 -9.8465 69.5134  
8.3970 -8.5491 75.2554  
8.4310 -7.1025 62.0820  
8.4640 -5.5092 71.1329  
8.4960 -3.4742 77.7166  
8.5300 -1.2892 46.8775  
8.5640 0.8942 57.7692  
8.5970 2.9339 21.2087  
8.6300 4.9137 34.1250  
8.6630 6.4365 -59.0188  
8.6970 7.7839 17.8994  
8.7300 8.9381 16.7187  
8.7640 10.1191 69.9826  
8.7970 11.0419 -7.1131  
8.8300 11.5907 -37.9757  
8.8630 11.8997 -24.3848  
8.8970 11.9689 -12.7539  
8.9300 11.9041 -19.3845  
8.9640 11.6486 -22.9750  
8.9970 11.7376 45.3703  
9.0300 11.6739 -27.8203  
9.0630 11.4453 -33.2585  
9.0970 10.7925 -54.7931  
9.1300 9.9423 -66.8932  
9.1640 8.9961 -65.1439  
9.2000 7.8950 -65.3312  
9.2270 6.6142 -82.6814  
9.2640 5.1611 -63.8230  
9.2970 3.5493 -71.7629  
9.3300 1.5904 -59.8228  
9.3640 -0.4647 -55.2963  
9.3970 -2.5950 -56.0485  
9.4300 -4.7113 -52.2082  
9.4640 -6.6684 -18.0925  
9.4970 -8.1247 84.6280  
9.5330 -9.4186 -20.2288  
9.5630 -10.5506 -20.4227  
9.5970 -11.4815 -10.3169  
9.6300 -12.6676 -149.1017  
9.6640 -13.7738 -34.5712  
9.6960 -14.0891 188.4165  
9.7310 -14.1842 10.0742  
9.7630 -14.0428 20.0840  
9.7970 -13.7604 23.3378  
9.8310 -14.0077 -73.6419  
9.8630 -14.1448 11.7057  
9.8970 -14.0350 54.5646  
9.9310 -13.6887 59.2691  
9.9640 -12.6500 60.6969  
9.9970 -11.2715 67.3702  
10.0310 -10.2458 73.5393  
10.0630 -9.0202 73.4997  
10.0970 -7.6357 65.6535  
10.1310 -6.1081 65.4166  
10.1630 -4.0444 89.2931  
10.1970 -1.8712 43.2110  
10.2300 0.3003 55.7060  
10.2640 2.4538 53.9934  
10.2970 4.4076 0.1542  
10.3300 5.9792 -48.4437  
10.3640 7.3789 23.0005  
10.3970 8.5900 14.0986  
10.4300 9.7750 59.7395  
10.4640 10.4184 -93.8838  
10.4960 11.1666 122.0686  
10.5310 11.5282 -68.4998  
10.5640 11.6772 -8.7290  
10.5970 11.5732 -20.9962  
10.6310 11.3960 -21.4091  
10.6640 11.3014 -23.4308  
10.6980 11.2224 27.6365  
10.7340 11.0452 -14.3870  
10.7640 10.4877 -61.0455  
10.7980 10.0906 -46.7083  
10.8300 9.0194 -88.5769  
10.8630 7.9647 -67.6558  
10.8970 6.7158 -65.5996  
10.9300 5.3140 -67.3119  
10.9630 3.7493 -71.4527  
10.9970 2.0500 -62.2884  
11.0300 0.0566 -60.6969  
11.0640 -2.0700 -54.3688  
11.0970 -4.1982 -55.9977  
11.1300 -6.3271 -48.3471  
11.1640 -7.8119 106.1117  
11.1970 -9.1523 -23.9225  
11.2300 -10.3423 -22.0221  
11.2640 -11.3541 -12.9030  
11.2970 -12.1885 -17.7105  
11.3310 -13.1328 -94.6069  
11.3650 -13.5123 107.2184  
11.3930 -13.6782 10.2488  
11.4300 -13.5973 16.7481  
11.4630 -13.2863 21.4051  
11.4970 -13.5397 -59.8932  
11.5300 -13.6634 15.3903  
11.5640 -13.6038 32.5080  
11.5970 -13.2992 60.9806  
11.6310 -12.7265 61.6394  
11.6640 -11.6223 63.6069  
11.6970 -10.6334 75.5188  
11.7300 -9.4366 71.6813  
11.7640 -8.0667 69.1391  
11.8000 -6.5447 61.9039  
11.8300 -4.5707 82.7369  
11.8640 -2.4385 61.5073  
11.8970 -0.2329 55.6940  
11.9310 1.7804 2.6516  
11.9640 3.6825 29.8333  
11.9970 5.2992 -22.9263  
12.0310 6.7534 25.5454  
12.0640 8.0321 18.4689  
12.0970 9.1133 11.4143  
12.1300 9.8559 -35.1126  
12.1630 10.7871 132.3953  
12.1970 11.1909 -93.6286  
12.2300 11.3734 -11.3373  
12.2640 11.4950 -15.2931  
12.2970 11.4453 -22.0375  
12.3310 11.3940 -22.7545  
12.3640 11.2818 7.8809  
12.3970 11.1610 15.8595  
12.4300 10.7945 -63.0526  
12.4630 10.3974 -44.3632  
12.4970 9.2924 -79.7333  
12.5300 8.2821 -67.7525  
12.5670 7.0995 -56.6862  
12.5970 5.7337 -78.3846  
12.6310 4.2050 -69.2963  
12.6640 2.5297 -67.8764  
12.6970 0.6409 -56.8195  
12.7300 -1.4850 -55.9687  
12.7640 -3.5873 -54.2845  
12.7980 -5.7152 -50.5804  
12.8310 -7.5545 5.3002  
12.8630 -8.9330 74.1413  
12.8980 -10.1630 -17.4875  
12.9300 -11.2104 -16.4310  
12.9630 -12.0573 -10.6410  
12.9970 -13.0889 -120.2277  
13.0300 -13.5223 124.4914  
13.0630 -13.7511 6.0204  
13.0970 -13.7422 15.6249  
13.1300 -13.4906 21.4123  
13.1630 -13.1761 24.3718  
13.1970 -13.2703 -50.4166  
13.2300 -13.1748 38.9495  
13.2630 -12.9304 29.1749  
13.2970 -12.4544 57.7815  
13.3330 -11.3604 58.1218  
13.3640 -10.4535 72.1752  
13.3970 -9.3069 78.6629  
13.4300 -7.9776 71.4260  
13.4640 -6.4963 65.5266  
13.4970 -4.8473 75.1669  
13.5300 -2.8179 63.3595  
13.5640 -0.7300 54.9674  
13.5970 1.3384 23.2902  
13.6310 3.3375 37.3916  
13.6640 5.1642 11.1944  
13.7000 6.6656 -28.2490  
13.7300 7.9713 21.3230  
13.7640 9.0847 12.7539  
13.7840 9.9953 10.0299  
13.8650 10.6579 0.0000  
13.8970 11.0827 -8.9806  
13.9310 11.2686 -15.2977  
13.9640 11.3136 -19.3992  
13.9970 11.1447 -26.2836  
14.0300 10.9961 17.3108  
14.0640 10.9835 10.1381  
14.0980 10.7398 -49.1778  
14.1300 10.2791 -54.2772  
14.1640 9.5636 -69.0324  
14.1970 8.6150 -70.6384  
14.2300 7.4732 -67.2547  
14.2630 6.1606 -67.4937  
14.2980 4.6627 -71.2593  
14.3300 3.0293 -69.4506  
14.3630 1.1514 -56.7501  
14.3970 -0.9455 -54.2904  
14.4300 -3.0765 -61.0077  
14.4640 -5.1887 -45.5480  
14.4970 -7.0649 0.3608  
14.5300 -8.4702 72.0951  
14.5670 -9.7502 -26.1233  
14.5970 -10.8420 -11.5008  
14.6310 -11.7282 -12.9030  
14.6640 -12.5649 -52.3352  
14.6960 -13.2657 -16.0638  
14.7300 -13.5380 71.7184  
14.7640 -13.5714 11.0815  
14.7970 -13.3793 21.4196  
14.8310 -13.1002 25.9101  
14.8640 -13.2379 -54.1925  
14.8960 -13.2658 4.0735  
14.9300 -13.0929 48.9398  
14.9640 -12.6632 62.6378  
14.9970 -11.8764 55.8677  
15.0300 -10.8034 71.1315  
15.0640 -9.7246 73.4216  
15.0970 -8.4484 71.2513  
15.1310 -7.0202 65.5101  
15.1640 -5.4570 67.5935  
15.1970 -3.4686 74.6350  
15.2300 -1.3067 56.5637  
15.2640 0.8729 54.1014  
15.2970 2.8462 2.0586  
15.3290 4.7570 38.0654  
15.3640 6.2923 -40.2182  
15.3970 7.6475 21.0794  
15.4310 8.8141 13.6670  
15.4640 9.7926 10.5237  
15.5300 10.5422 -0.9077  
15.5640 11.0195 -7.6223  
15.5970 11.2726 -11.3658  
15.6300 11.2725 -20.9839  
15.6640 11.1842 -23.9719  
15.6970 11.0125 11.6671  
15.7300 11.0546 22.1262  
15.7640 10.8725 -45.4965  
15.7960 10.4601 -57.4180  
15.8310 9.8039 -59.7413  
15.8630 8.9181 -73.6567  
15.8970 7.8350 -65.6134  
15.9310 6.5665 -65.5674  
15.9640 5.1312 -71.5518  
15.9960 3.5427 -73.3339  
16.0310 1.7037 -60.5731  
16.0640 -0.3964 -56.9720  
16.0970 -2.5267 -56.0485  
16.1200 -4.6455 -74.9074  
16.1640 -6.5583 -0.6749  
16.1970 -8.2337 0.4894  
16.2310 -9.5459 41.2184  
16.2640 -10.7163 -24.6073  
16.2970 -11.6685 -5.3857  
16.3300 -12.2955 27.3904  
16.3640 -13.0196 -90.9026  
16.3970 -13.3349 66.9129  
16.4310 -13.4300 10.3705  
16.4640 -13.2886 19.4754  
16.4970 -13.2375 -28.3112  
16.5300 -13.1173 21.4639  
16.5640 -13.2182 -23.8117  
16.5970 -13.0783 48.3545  
16.6310 -12.7106 61.7636  
16.6640 -12.2357 59.8828  
16.6970 -11.2144 71.9380  
16.7320 -10.1763 67.8523  
16.7640 -8.9507 69.6283  
16.7970 -7.5544 71.2364  
16.8310 -5.8416 65.5757  
16.8640 -3.9263 82.8300  
16.8980 -1.7831 43.2110  
16.9300 0.3968 61.3455  
16.9630 2.4888 37.0175  
16.9980 4.4439 17.3352  
17.0310 5.9819 -54.4732  
17.0640 7.3606 23.6908  
17.0980 8.5788 18.3535  
17.1310 9.5836 6.5540  
17.1660 10.6254 74.2721  
17.1970 11.5097 37.3695  
17.2300 11.8627 -116.4951  
17.2640 11.9988 -6.0427  
17.2970 11.9438 -20.8825  
17.3300 11.7418 -26.1783  
17.3640 11.7326 3.8503  
17.3970 11.6703 7.5883  
17.4310 11.4892 -16.5716  
17.4630 11.1000 -58.2747  
17.4970 10.3045 -43.0602  
17.5300 9.1097 -85.8957  
17.5640 8.0764 -65.5565  
17.5970 6.8406 -67.5828  
17.6300 5.4512 -67.4301  
17.6640 3.9106 -69.8953  
17.6970 2.1595 -59.8049  
17.7300 0.1832 -60.6565  
17.7640 -1.9341 -58.0493  
17.7980 -4.0370 -50.6235  
17.8200 -6.0128 -8.7381  
17.8640 -7.4924 48.3440  
17.8970 -8.8307 -24.7328  
17.9300 -10.0072 -18.5536  
17.9640 -11.0051 -12.8893  
17.9960 -11.7761 -3.3945  
18.0310 -13.0844 -209.8859  
18.0640 -13.4625 221.2254  
18.0970 -13.6080 10.6847  
18.1310 -13.5259 16.3053  
18.1670 -13.3540 19.6018  
18.1970 -13.5795 -61.5759  
18.2310 -13.6194 30.5985  
18.2640 -13.5567 12.5361  
18.2960 -13.2568 60.4261  
18.3310 -12.7358 60.0725  
18.3640 -11.2801 60.6488  
18.3970 -10.2940 78.9197  
18.4310 -9.1179 66.2397  
18.4640 -7.7745 67.4844  
18.4970 -6.2789 67.5315  
18.5300 -4.2881 94.0649  
18.5640 -2.2669 39.5523  
18.5970 -0.1033 55.6884  
18.6300 2.0262 48.2555  
18.6640 3.9943 14.3461  
18.6970 5.5897 -52.2490  
18.7310 7.0029 22.9813  
18.7640 8.2732 24.9502  
18.7970 9.3371 4.9409  
18.8300 10.3860 62.9887  
18.8640 12.3780 368.6971  
18.8970 12.7770 -442.0160  
18.9350 12.9841 -2.1173  
18.9630 12.9505 -29.0699  
18.9970 12.7991 -20.3378  
19.0310 12.7252 -27.8939  
19.0640 12.6324 17.9455  
19.0970 12.4828 7.7137  
19.1300 12.1336 -55.5138  
19.1640 11.4302 -43.0584  
19.1970 9.2145 -78.3911  
19.2310 8.2338 -65.7795  
19.2640 7.0391 -67.2953  
19.2970 5.7030 -67.5059  
19.3300 4.1988 -71.8940  
19.3640 2.5647 -66.0914  
19.3970 0.6989 -52.2649  
19.4300 -1.4058 -64.7128  
19.4640 -3.5000 -50.7634  
19.4970 -5.5976 -45.4028  
19.5300 -7.4323 1.2557  
19.5640 -8.9839 17.5162  
19.5970 -10.2322 24.6128  
19.6300 -11.2936 -10.8933  
19.6640 -12.1270 -2.7032  
19.7300 -12.7336 0.3164  
19.7640 -13.1739 -1.8257  
19.7970 -13.3218 23.8868  
19.8310 -13.2240 21.5262  
19.8640 -13.1582 -55.1122  
19.8970 -13.0387 17.5072  
19.9320 -12.9273 14.7196  
19.9620 -12.7120 61.7048  
19.9970 -12.2475 60.9458  
20.0300 -11.5763 59.8310  
20.0630 -10.6578 75.5630  
20.0970 -9.4840 73.2716  
20.1310 -8.1664 65.5016  
20.1640 -6.7115 63.7631  
20.1970 -4.8267 75.1669  
20.2310 -2.7756 65.9054  
20.2640 -0.6165 48.3058  
20.2970 1.5376 54.6183  
20.3310 3.5379 17.4800  
20.3670 5.4269 23.9469  
20.3970 6.8750 -63.8450  
20.4310 8.1380 18.8287  
20.4640 9.2217 13.1324  
20.4970 10.2736 54.1430  
20.5650 10.9311 -21.5189  
20.5970 11.3322 -10.1072  
20.6310 11.5220 -15.2931  
20.6640 11.4622 -20.9659  
20.6970 11.2615 -24.7175  
20.7300 10.8708 -31.4453  
20.7640 10.8538 53.5680  
20.7970 10.6150 -47.8004  
20.8310 10.1592 -51.0692  
20.8640 9.3041 -66.8829  
20.8970 8.3728 -67.3890  
20.9310 7.2397 -68.9062  
20.9640 5.9482 -63.7425  
20.9970 4.4890 -71.7834  
21.0310 2.8767 -69.0254  
21.0640 1.1934 -52.9433  
21.0970 -0.8726 -60.8032  
21.1300 -2.9659 -56.0713  
21.1630 -5.0405 -46.9323  
21.1970 -6.9010 -1.9406  
21.2310 -8.3011 69.9733  
21.2640 -9.5456 -23.8077  
21.2970 -10.6234 -13.2570  
21.3310 -11.5082 -12.8893  
21.3640 -12.3687 -63.7563  
21.3970 -13.0666 -3.6603  
21.4310 -13.3391 66.0858  
21.4640 -13.3800 14.1061  
21.4970 -13.2043 18.7326  
21.5300 -12.9339 26.6868  
21.5640 -13.0981 -57.8762  
21.5970 -13.1673 5.0115  
21.6300 -12.9955 59.7494  
21.6640 -12.5952 54.3225  
21.6970 -11.7870 59.8568  
21.7300 -10.7421 68.0941  
21.7650 -9.6721 71.3238  
21.7970 -8.4012 77.3479  
21.8300 -6.9818 63.7424  
21.8640 -5.4274 65.6055  
21.8970 -3.4175 78.3984  
21.9300 -1.2748 45.2435  
21.9650 0.8546 52.5417  
21.9970 2.8423 13.4161  
22.0300 4.6795 14.2635  
22.0630 6.1974 -28.6490  
22.0970 7.5352 20.4477  
22.1300 8.6720 14.0986  
22.1640 9.6332 10.2078  
22.1970 10.6258 77.1073  
22.2300 11.0349 -98.4170  
22.2630 11.3390 13.4206  
22.2980 11.4158 -12.3820  
22.3310 11.3944 -16.7670  
22.3530 11.2391 -39.4360  
22.3970 11.1091 -15.7491  
22.4300 11.0197 33.3732  
22.4630 10.7992 -25.6428  
22.4970 10.3695 -51.3107  
22.5310 9.4620 -65.6784  
22.5640 8.6579 -67.1179  
22.5980 7.5863 -65.6134  
22.6310 6.3352 -67.5543  
22.6640 4.9169 -67.4027  
22.6970 3.3371 -75.2608  
22.7350 1.6395 -49.2133  
22.7640 -0.3651 -67.9272  
22.7960 -2.4736 -58.8662  
22.8310 -4.5798 -49.2125  
22.8640 -6.5249 -18.8542  
22.8970 -8.0010 75.0272  
22.9310 -9.3132 -17.4201  
22.9640 -10.4552 -15.9934  
22.9970 -11.4189 -13.3535  
23.0300 -11.9823 46.0415  
23.0640 -12.7582 -117.5262  
23.0970 -13.0807 77.7188  
23.1310 -13.1772 11.0815  
23.1640 -13.0483 16.0702  
23.1970 -12.7691 26.7124  
23.2310 -12.6460 26.9076  
23.2640 -12.6307 -50.6129  
23.2970 -12.4941 20.7805  
23.3310 -12.1160 58.0493  
23.3640 -11.6897 60.6565  
23.3970 -10.6540 63.5840  
23.4310 -9.6248 73.5150  
23.4640 -8.4104 67.5184  
23.4970 -7.0140 71.2364  
23.5300 -5.4952 63.8056  
23.5640 -3.8071 76.7164  
23.5970 -1.7925 48.2935  
23.6310 0.3372 54.0616  
23.6640 2.4532 55.6195  
23.6970 4.3391 -9.0469  
23.7310 5.8809 -39.5140  
23.7640 7.2508 23.6842  
23.7970 8.4502 15.8234  
23.8310 9.4522 11.0969  
23.8640 10.5833 102.9134  
23.8970 11.5076 16.3664  
23.9310 11.8701 -118.3239  
23.9640 12.0056 -13.1364  
23.9970 11.9108 -14.1251  
24.0310 11.7678 -22.9813  
24.0640 11.6639 -28.8635  
24.0970 11.6498 50.9191  
24.1300 11.4719 -33.8424  
24.1640 11.0882 -49.4205  
24.1970 10.1910 -52.6963  
24.2310 8.9811 -76.0740  
24.2640 7.9502 -67.6745  
24.2970 6.7397 -67.5495  
24.3300 5.3526 -67.6602  
24.3640 3.8070 -69.5768  
24.3850 2.1594 -93.9792  
24.4310 0.1561 -40.7879  
24.4640 -1.9203 -55.9869  
24.4970 -4.0134 -55.9558  
24.5320 -6.0919 -45.5459  
24.5640 -7.5794 103.8558  
24.5980 -8.9058 -18.2864  
24.6310 -10.0708 -18.6369  
24.6640 -11.0653 -16.0101  
24.7010 -11.9395 -31.4064  
24.7300 -13.2986 -235.2838  
24.7630 -13.6893 236.6335  
24.7980 -13.8664 8.2271  
24.8300 -13.7969 19.3445  
24.8640 -13.5032 19.0522  
24.8980 -13.4446 28.5967  
24.9300 -13.3990 -23.4531  
24.9640 -13.3391 -13.9147  
24.9980 -13.0289 58.0959  
25.0310 -12.4047 59.9054  
25.0630 -10.9106 58.6427  
25.0970 -9.9233 80.6138  
25.1310 -8.7408 65.8964  
25.1640 -7.3974 67.4844  
25.1970 -5.8960 67.5315  
25.2310 -4.2063 83.9777  
25.2640 -2.2920 45.3123  
25.2970 -0.1584 52.0939  
25.3300 1.9539 53.4354  
25.3640 3.8265 -12.3765  
25.3970 5.4171 -28.5750  
25.4310 6.8117 22.9687  
25.4630 8.0431 19.0236  
25.4970 9.0897 11.1154  
25.5300 9.8262 -26.4050  
25.5980 10.3731 14.0900  
25.6310 10.7443 -7.8842  
25.6640 10.8885 -16.7427  
25.6970 10.7868 -21.0555  
25.7310 10.6319 -28.0288  
25.7630 10.4676 -32.3977  
25.7980 10.4176 54.9791  
25.8330 10.1167 -54.3016  
25.8640 9.6533 -40.2511  
25.8980 8.9911 -84.0744  
25.9310 8.0102 -67.5700  
25.9640 6.8323 -67.5359  
25.9980 5.4862 -65.7472  
26.0300 3.9857 -69.9850  
26.0640 2.3557 -66.0914  
26.0970 0.6569 -52.2649  
26.1310 -1.4441 -61.6911  
26.1640 -3.5314 -53.4540  
26.1970 -5.5485 -16.5407  
26.2310 -7.3595 -23.4501  
26.2640 -8.9544 -2.0974  
26.2970 -10.1606 50.2715  
26.3310 -11.1960 -15.5337  
26.3640 -12.0340 -8.0150  
26.4310 -12.6472 0.0000  
26.4650 -13.0680 5.8645  
26.4980 -13.2260 16.0870  
26.5310 -13.1281 24.0687  
26.5640 -12.8931 25.0294  
26.6010 -12.7373 -42.9608  
26.6300 -12.5410 11.5796  
26.6500 -12.3427 83.9498  
26.6980 -11.8908 41.8175  
26.7310 -11.2276 56.0442  
26.7640 -10.3398 68.0338  
26.7970 -9.1979 83.0576  
26.8300 -7.8862 67.5427  
26.8650 -6.4428 60.3205  
26.8980 -4.8349 74.8838  
26.9300 -2.8564 66.1101  
26.9640 -0.7522 46.8808  
26.9970 1.3681 55.7486  
27.0350 3.3270 10.3301  
27.0630 5.1493 17.2890  
27.0970 6.6261 -35.5909  
27.1310 7.8896 17.8943  
27.1640 8.9681 11.4713  
27.1970 10.0018 50.3903  
27.2640 10.8014 1.9511  
27.2980 11.2101 -52.7531  
27.3310 11.4162 -13.1245  
27.3640 11.3655 -22.0443  
27.3970 11.1888 -26.2629  
27.4310 10.8687 -27.9671  
27.4640 10.8734 61.7756  
27.4980 10.6370 -53.0333  
27.5310 10.2010 -49.0213  
27.5640 9.3648 -70.8775  
27.5980 8.2800 -69.2639  
27.6310 7.1766 -60.0002  
27.6640 5.8931 -67.6917  
27.6970 4.4461 -71.5831  
27.7310 2.8363 -73.3709  
27.7640 1.1492 -52.2563  
27.7970 -0.9425 -60.8255  
27.8310 -3.0264 -50.7219  
27.8640 -5.0743 -38.1378  
27.8970 -6.8922 -1.1654  
27.9310 -8.2742 58.9393  
27.9640 -9.5372 -23.9302  
27.9970 -10.6296 -15.9934  
28.0310 -11.5210 -10.3668  
28.0640 -12.6026 -133.2457  
28.0970 -13.3841 38.6907  
28.1310 -13.6417 95.0445  
28.1670 -13.6827 12.2908  
28.1970 -13.5271 23.5456  
28.2310 -13.2940 21.6843  
28.2640 -13.4059 -43.8305  
28.2970 -13.4563 -5.2952  
28.3300 -13.2694 55.9294  
28.3640 -12.8500 58.0075  
28.3970 -11.8058 56.0602  
28.4300 -10.6456 73.8661  
28.4640 -9.5664 71.2296  
28.4970 -8.3079 67.7289  
28.5300 -6.8966 67.7249  
28.5650 -5.3367 63.5228  
28.5970 -3.3834 77.6999  
28.6300 -1.2658 44.5201  
28.6640 0.8546 55.1152  
28.6970 2.9084 39.5562  
28.7310 4.6937 -24.5335  
28.7640 6.1752 -18.1974  
28.7970 7.4841 21.0555  
28.8300 8.6073 11.4905  
28.8700 9.7534 61.5843  
28.8830 10.7943 90.1162  
28.9310 11.3441 -50.5112  
28.9640 11.6433 -31.4250  
28.9980 11.7118 -12.7385  
29.0310 11.5944 -16.7833  
29.0640 11.4736 -26.2767  
29.0980 11.3178 -27.9803  
29.1310 11.2192 38.3710  
29.1630 10.9966 -26.8762  
29.2010 10.3688 -41.7994  
29.2300 9.4024 -76.3822  
29.2650 8.4552 -63.7836  
29.2980 7.4012 -63.7674  
29.3300 6.1674 -69.7483  
29.3640 4.7528 -69.4474  
29.3970 3.1903 -71.1117  
29.4310 1.5359 -55.0031  
29.4640 -0.4330 -56.9321  
29.4980 -2.5007 -54.3789  
29.5310 -4.5772 -50.7572  
29.5640 -6.4527 -6.2251  
29.5980 -7.8791 66.4212  
29.6300 -9.1652 -21.9184  
29.6640 -10.2833 -16.2340  
29.6970 -11.2091 -13.2752  
29.7300 -12.0223 -36.9924  
29.7640 -12.9582 -91.0880  
29.7970 -13.2633 134.1951  
29.8300 -13.3484 10.6696  
29.8630 -13.2105 16.8286  
29.8980 -12.9727 22.6492  
29.9310 -13.1960 -71.3023  
29.9640 -13.3152 10.3052  
29.9980 -13.1939 54.5222  
30.0310 -12.8400 57.1892  
30.0640 -12.1664 59.8758  
30.0980 -10.9708 62.4716  
30.1310 -9.9680 75.7428  
30.1640 -8.7776 67.5184  
30.1970 -7.4201 67.4861  
30.2310 -5.9313 61.9228  
30.2640 -3.9215 86.5704  
30.2960 -1.7988 45.9122  
30.3300 0.3099 50.3950  
30.3640 2.3844 45.4746  
30.3970 4.2113 -15.1801  
30.4310 5.7357 -26.4863  
30.4640 7.0796 21.0382  
30.4970 8.2560 16.7670  
30.5190 9.4222 96.6006  
30.5640 10.4047 5.9430  
30.5970 11.1795 23.6492  
30.6310 11.5104 -87.3500  
30.6640 11.6323 -11.4042  
30.6970 11.5390 -18.3425  
30.7310 11.4096 -25.3744  
30.7640 11.2971 -22.1664  
30.7970 11.2700 46.9359  
30.8340 11.0902 -26.3311  
30.8640 10.5298 -56.0301  
30.8970 9.7936 -45.1560  
30.9310 8.6960 -83.3640  
30.9640 7.6844 -63.9007  
30.9970 6.4879 -67.4766  
31.0310 5.1293 -65.4398  
31.0640 3.6337 -67.6858  
31.0970 1.9995 -64.1596  
31.1310 0.0227 -55.2017  
31.1640 -2.0414 -55.9964  
31.1970 -4.0970 -48.3237  
31.2310 -6.0556 -15.3423  
31.2640 -7.4930 72.0983  
31.2970 -8.7982 -23.8922  
31.3320 -9.9511 -20.0788  
31.3640 -10.9190 -11.7223  
31.3970 -11.7286 -19.7085  
31.4310 -12.7327 -119.4905  
31.4640 -13.1020 135.5053  
31.4960 -13.2488 11.7741  
31.5310 -13.1831 15.1519  
31.5640 -12.9859 24.0450  
31.5970 -13.2108 -55.8074  
31.6310 -13.3049 15.2520  
31.6640 -13.2451 25.3862  
31.6970 -12.9592 57.1067  
31.7310 -12.4113 57.9456  
31.7640 -11.2452 64.2267  
31.7970 -10.2792 74.8804  
31.8310 -9.1267 65.9147  
31.8640 -7.8046 67.4848  
31.8980 -6.2830 81.9728  
31.9300 -4.4099 52.3254  
31.9650 -2.3672 63.2945  
31.9970 -0.2493 49.6415  
32.0310 1.8510 50.2706  
32.0640 3.5308 -67.7324  
32.0970 5.0991 30.4204  
32.1310 6.4888 20.1622  
32.1640 7.7097 16.7833  
32.1970 8.7513 13.1245  
32.2310 9.4309 -24.4919  
32.2640 9.9590 4.8501  
32.2970 10.3359 21.2773  
32.3310 10.5336 -5.9648  
32.3640 10.4998 -18.3583  
32.3970 10.6253 -19.4445  
32.4310 10.5553 -28.0146  
32.4640 10.5246 32.7351  
32.4970 10.4118 -8.1309  
32.5320 10.0849 -48.7851  
32.5660 9.6803 -47.3602  
32.5830 8.9895 -158.9018  
32.6310 8.0187 -43.7168  
32.6640 6.8458 -67.3774  
32.6970 5.5099 -67.7438  
32.7300 4.0035 -71.1171  
32.7640 2.3808 -62.2270  
32.7970 0.4751 -53.0228  
32.8310 -1.5884 -54.3141  
32.8680 -3.6702 -51.0691  
32.8970 -5.7331 -49.0411  
32.9300 -7.5235 0.7293  
32.9640 -8.8694 69.0368  
32.9970 -10.0631 -21.2887  
33.0310 -11.0773 -12.9425  
33.0640 -11.9272 -21.3106  
33.1300 -12.5770 -1.7478  
33.1470 -12.9676 49.5578  
33.1980 -13.1447 5.6379  
33.2310 -13.0381 28.7464  
33.2640 -12.9712 -55.1665  
33.2980 -12.8282 23.1143  
33.3310 -12.8684 15.6267  
33.3640 -12.6664 52.0695  
33.3970 -12.2234 59.7270  
33.4310 -11.5228 55.0649  
33.4640 -10.5760 71.1171  
33.4970 -9.4518 79.2849  
33.5310 -8.1462 61.8232  
33.5640 -6.7125 67.5504  
33.5970 -4.8611 71.3922  
33.6310 -2.8669 65.1467  
33.6640 -0.7654 48.1308  
33.6970 1.2878 37.4032  
33.7310 2.9997 -42.3672  
33.7640 4.6594 40.8981  
33.7970 6.1064 6.6528  
33.8310 7.3684 22.5333  
33.8630 8.4509 9.6177  
33.8970 9.3308 5.9540  
33.9650 9.9750 0.0000  
33.9980 10.3689 -8.7601  
34.0310 10.5606 -13.1168  
34.0640 10.5648 -19.4292  
34.0980 10.6351 -22.9384  
34.1310 10.4580 -34.0458  
34.1640 10.4552 59.4651  
34.1980 10.2050 -50.2346  
34.2300 9.7753 -46.4953  
34.2640 9.0798 -72.1917  
34.2980 8.1620 -65.3897  
34.3310 7.0512 -67.2683  
34.3640 5.7733 -63.7409  
34.3980 4.3240 -69.2498  
34.4310 2.7290 -67.8010  
34.4640 1.0621 -55.8478  
34.4970 -0.9760 -53.0162  
34.5310 -3.0277 -54.2144  
34.5640 -5.1071 -53.4957  
34.6020 -6.9314 2.5480  
34.6310 -8.3356 68.1894  
34.6460 -9.5563 -25.6151  
34.6980 -10.6193 -10.1427  
34.7330 -11.4844 -10.7090  
34.7640 -12.3393 -68.9065  
34.7970 -12.7777 70.3815  
34.8310 -13.0399 0.3611  
34.8640 -13.0800 11.4536  
34.8970 -12.8729 21.3908  
34.9310 -12.5964 23.2934  
34.9640 -12.6089 -27.6837  
34.9980 -12.6517 -20.1961  
35.0300 -12.4573 57.6512  
35.0650 -12.0532 49.1759  
35.0970 -11.2357 62.4726  
35.1300 -10.4141 71.6070  
35.1460 -9.3988 121.8088  
35.1980 -8.1580 50.6410  
35.2300 -6.7650 69.6136  
35.2460 -5.2406 131.6576  
35.2970 -3.3661 50.7259  
35.3300 -1.2736 45.2304  
35.3640 0.8057 50.4095  
35.3960 2.7825 21.7512  
35.4130 4.5838 14.3755  
35.4650 6.0406 -20.8307  
35.4970 7.4083 33.0967  
35.5310 8.5494 10.7935  
35.5640 9.4702 0.7339  
35.5980 10.3055 36.8222  
35.6310 11.0449 49.3414  
35.6640 11.3354 -90.7993  
35.6970 11.4112 -13.1207  
35.7310 11.3621 -16.2977  
35.7640 11.2104 -23.6458  
35.7970 11.0720 -28.8282  
35.8310 11.0354 61.1181  
35.8640 10.7949 -50.6609  
35.8970 10.3907 -48.8951  
35.9310 9.6406 -64.9228  
35.9640 8.4928 -71.1586  
35.9980 7.4472 -58.0505  
36.0310 6.2220 -67.5543  
36.0650 4.8299 -65.4203  
36.0970 3.2922 -69.8376  
36.1300 1.6378 -64.2094  
36.1490 -0.3963 -90.5050  
36.1970 -2.4475 -38.3727  
36.2320 -4.5088 -49.0080  
36.2650 -6.3607 -3.4108  
36.2980 -7.7563 67.1109  
36.3180 -9.0333 -39.4345  
36.3640 -10.1534 -14.3368  
36.3980 -11.0754 -7.1469  
36.4310 -11.6385 41.0136  
36.4640 -12.5390 -166.4548  
36.4800 -12.8601 254.6833  
36.5310 -12.9743 4.4549  
36.5640 -12.8401 23.2859  
36.5840 -12.6154 39.6235  
36.6300 -12.8039 -41.6726  
36.6460 -12.8189 59.0961  
36.6980 -12.6752 17.8523  
36.7300 -12.3105 61.4338  
36.7470 -11.8969 108.4583  
36.7980 -10.7347 39.0582  
36.8300 -9.7320 77.5326  
36.8470 -8.5167 138.3428  
36.8970 -7.1562 44.4296  
36.9160 -5.6638 111.1150  
36.9640 -3.7334 51.3042  
36.9970 -1.7361 48.9385  
37.0310 0.3364 49.4205  
37.0640 2.2576 13.7259  
37.0970 4.0562 18.7014  
37.1310 5.5701 -25.1329  
37.1640 6.9139 23.6648  
37.1980 8.0693 13.7269  
37.2140 9.0459 27.0774  
37.2640 9.5940 -43.4553  
37.2800 10.3430 279.4175  
37.3310 10.6920 -46.7571  
37.3650 10.8383 -10.1923  
37.3980 10.8753 -19.4067  
37.4300 10.7725 -24.3912  
37.4460 10.6687 -54.0723  
37.4980 10.5999 21.7635  
37.5310 10.4412 -13.1205  
37.5460 10.0684 -113.8035  
37.5980 9.7417 -32.9244  
37.6300 8.7082 -81.1870  
37.6490 7.7033 -110.4112  
37.6980 6.5105 -45.4264  
37.7300 5.1581 -69.8757  
37.7470 3.6615 -130.7314  
37.7980 2.0398 -41.5047  
37.8310 0.1330 -52.0915  
37.8640 -1.9310 -60.7512  
37.8980 -3.9837 -46.8930  
37.9310 -5.8931 -8.4438  
37.9460 -7.5362 4.3108  
37.9970 -8.8450 24.4078  
38.0130 -9.9927 -38.4130  
38.0650 -10.9903 -14.1162  
38.0970 -11.7472 5.7207  
38.1310 -12.6471 -104.2924  
38.1630 -13.0504 101.4737  
38.1800 -13.1921 35.9452  
38.2320 -13.1213 10.1914  
38.2640 -12.9434 24.7804  
38.2800 -12.6945 48.4500  
38.3310 -12.7527 -35.8271  
38.3640 -12.6726 23.2885  
38.3840 -12.3309 94.1071  
38.4310 -11.8231 39.2450  
38.4470 -10.7612 124.6245  
38.4970 -9.7770 49.4206  
38.5130 -8.6299 140.0298  
38.5650 -7.3257 40.3881  
38.5970 -5.8888 66.2483  
38.6130 -4.2825 154.3054  
38.6640 -2.2969 38.5622  
38.6970 -0.2168 51.9058  
38.7160 1.8459 89.9579  
38.7650 3.6573 -13.6763  
38.7980 5.3989 39.3066  
38.8300 6.7761 -36.6489  
38.8470 7.9761 27.4885  
38.8980 9.0093 8.4898  
38.9130 9.7255 -69.9570  
38.9980 10.3115 13.7119  
39.0310 10.6632 -11.3946  
39.0670 10.7916 -14.4181  
39.0810 10.6763 -52.0428  
39.1310 10.5501 -15.5823  
39.1640 10.1936 -30.4888  
39.1800 10.1238 105.8651  
39.2310 9.8392 -32.9413  
39.2640 9.3497 -48.9517  
39.2970 8.7176 -75.0258  
39.3130 7.7591 -131.1640  
39.3650 6.6160 -42.7435  
39.3970 5.3021 -69.5708  
39.4130 3.8379 -139.4933  
39.4650 2.2277 -43.0654  
39.4970 0.5586 -49.8097  
39.5130 -1.4799 -125.1064  
39.5640 -3.5224 -33.7052  
39.5800 -5.4887 -53.3375  
39.6310 -7.1554 10.1948  
39.6640 -8.4960 35.2069  
39.6800 -9.6758 -38.3879  
39.7310 -10.6769 -8.6195  
39.7660 -11.4836 -8.2039  
39.8310 -12.0640 0.3541  
39.8650 -12.4586 7.7682  
39.8970 -12.6064 14.5891  
39.9130 -12.5117 44.0752  
39.9640 -12.2438 17.2360  
39.9800 -12.1075 -49.7627  
40.0310 -12.0645 4.4955  
40.0460 -11.8638 64.1211  
40.1020 -11.4347 32.9533  
40.1160 -10.7897 133.6904  
40.1640 -9.9123 48.8917  
40.1860 -8.8121 113.2694  
40.2310 -7.5483 46.7418  
40.2640 -6.1430 64.2411  
40.2970 -4.5916 70.8964  
40.3130 -2.7392 138.4315  
40.3650 -0.7384 32.9341  
40.3980 1.3283 49.0941  
40.4140 3.2312 13.0435  
40.4650 4.9897 8.3739  
40.4980 6.4156 -29.6861  
40.5130 7.6564 42.7443  
40.5650 8.7301 8.3241  
40.5980 9.6121 6.1455  
40.6640 10.2602 0.0000  
40.6800 10.6578 -18.0890  
40.7310 10.8322 -10.1804  
40.7470 10.7892 -34.6840  
40.7980 10.6386 -16.9849  
40.8310 10.3584 -26.3455  
40.8470 10.3643 117.5818  
40.9010 10.1229 -33.9290  
40.9160 9.7018 -90.9104  
40.9640 9.0026 -53.7121  
40.9800 8.0873 -135.0622  
41.0320 6.9851 -41.5086  
41.0640 5.7362 -62.0709  
41.0800 4.3080 -146.7251  
41.1310 2.7428 -43.8621  
41.1470 1.0773 -116.9791  
41.1980 -0.9608 -36.1840  
41.2310 -2.9875 -52.0502  
41.2470 -5.0369 -99.4079  
41.2980 -6.7794 9.6013  
41.3340 -8.1370 46.9209  
41.3490 -9.3489 -46.7593  
41.3980 -10.4457 -17.0480  
41.4310 -11.3056 0.6254  
41.4640 -12.0400 -29.7333  
41.4980 -12.5043 24.3667  
41.5310 -12.7794 1.4432  
41.5640 -12.8144 20.7019  
41.5970 -12.6286 18.7077  
41.6310 -12.4037 25.8697  
41.6640 -12.5197 -52.0624  
41.6800 -12.4936 44.8834  
41.7310 -12.2772 20.9576  
41.7640 -11.8626 60.6576  
41.7800 -11.1781 107.4111  
41.8310 -10.3417 46.0219  
41.8640 -9.2729 71.8487  
41.8800 -8.0498 139.1987  
41.9310 -6.7052 35.9283  
41.9640 -5.1983 75.8126  
41.9800 -3.2982 138.4149  
42.0310 -1.2833 36.5683  
42.0460 0.7835 105.9442  
42.0980 2.6968 8.9619  
42.1130 4.4683 20.0475  
42.1650 5.9266 -15.0913  
42.1980 7.2120 19.4445  
42.2130 8.3179 28.8403  
42.2650 9.2696 5.5724  
42.2980 10.1151 43.6610  
42.3130 10.6336 -70.4104  
42.3650 10.9155 -9.6386  
42.3970 10.9951 -13.5267  
42.4130 10.9728 -34.6496  
42.4650 10.8336 -16.6669  
42.4980 10.6779 -28.8146  
42.5130 10.6583 133.5021  
42.5640 10.4530 -27.9141  
42.5860 10.0574 -73.3427  
42.6310 9.2970 -49.0527  
42.6470 8.4083 -146.1774  
42.6970 7.3714 -39.6623  
42.7130 6.1554 -139.0230  
42.7650 4.7719 -42.8695  
42.7980 3.2516 -67.7213  
42.8310 1.6269 -60.4240  
42.8460 -0.3824 -122.9676  
42.8990 -2.4250 -33.1376  
42.9300 -4.4738 -54.0350  
42.9470 -6.3091 -4.2856  
42.9970 -7.7189 38.3163  
43.0130 -8.9784 -29.9929  
43.0650 -10.1184 -19.7828  
43.0980 -11.0228 3.8172  
43.1130 -11.6487 36.7444  
43.1650 -12.5336 -88.1818  
43.1970 -12.8628 116.0610  
43.2130 -12.9789 23.3446  
43.2650 -12.8485 15.2075  
43.2970 -12.6228 27.5035  
43.3130 -12.6961 -67.1344  
43.3640 -12.6964 4.8883  
43.3800 -12.5208 45.6996  
43.4320 -12.1737 35.3970  
43.4640 -11.6973 57.6185  
43.4800 -10.5401 138.9273  
43.5310 -9.5169 46.5499  
43.5650 -8.3084 65.4701  
43.5800 -6.9690 140.0077  
43.6310 -5.4942 43.8142  
43.6640 -3.6885 67.7288  
43.6800 -1.7234 115.1575  
43.7310 0.3399 33.5938  
43.7470 2.3466 79.7151  
43.7970 4.1436 -5.0866  
43.8310 5.6257 -27.2108  
43.8640 6.9486 23.6584  
43.8800 8.0955 29.1880  
43.9310 9.0670 6.7929  
43.9470 9.8415 16.5168  
43.9980 10.7651 73.0493  
44.0310 11.1055 -120.9025  
44.0460 11.2312 -28.8655  
44.0980 11.1826 -8.9866  
44.1130 11.0814 -52.0346  
44.1640 10.9776 -18.6580  
44.1800 10.9592 102.2055  
44.2300 10.7968 -19.4850  
44.2470 10.4315 -98.8767  
44.2970 9.8537 -37.2400  
44.3130 8.6694 -146.1626  
44.3480 7.6732 -60.2664  
44.3800 6.4977 -69.5592  
44.4310 5.1453 -43.8436  
44.4470 3.6487 -138.9021  
44.4970 2.0481 -39.8394  
44.5140 0.0996 -108.4583  
44.5670 -1.9394 -35.4549  
44.5810 -3.9823 -122.8602  
44.6310 -5.8454 -1.2851  
44.6470 -7.4743 0.2587  
44.6980 -8.7656 24.8290  
44.7140 -9.9033 -43.0982  
44.7640 -10.8701 -10.5501  
44.7800 -11.7080 -58.2830  
44.8310 -12.9140 -111.2586  
44.8460 -13.2675 445.4655  
44.8970 -13.3979 6.8991  
44.9130 -13.3007 34.7397  
44.9670 -13.1354 11.4141  
44.9810 -12.8827 62.7324  
45.0140 -12.9445 -56.9207  
45.0640 -12.8745 12.5740  
45.0800 -12.5635 117.6339  
45.1300 -11.9623 39.3879  
45.1470 -10.5943 117.2630  
45.1980 -9.6587 46.2420  
45.2310 -8.5354 67.5394  
45.2470 -7.2577 131.2613  
45.2970 -5.8316 42.0065  
45.3130 -4.2444 155.5318  
45.3640 -2.2728 38.5622  
45.3800 -0.1959 105.0762  
45.4310 1.8457 29.9715  
45.4460 3.6955 3.4744  
45.4980 5.3897 8.4045  
45.5130 6.7484 -66.4145  
45.5650 7.9397 10.6614  
45.5800 8.9642 28.8570  
45.6310 9.8549 14.9312  
45.6980 10.4292 -10.0723  
45.7310 10.7809 -7.8747  
45.7470 10.9091 -34.5987  
45.7980 10.8150 -13.6092  
45.8130 10.6205 -63.4682  
45.8640 10.2874 -18.6194  
45.8800 10.2349 113.1377  
45.9310 9.9465 -35.3819  
45.9470 9.4657 -93.1835  
45.9980 8.6612 -48.5461  
46.0130 7.7143 -139.9082  
46.0650 6.5712 -42.7435  
46.0800 5.2607 -148.4178  
46.1310 3.8089 -41.3281  
46.1460 2.2285 -149.2596  
46.1980 0.5711 -33.0496  
46.2130 -1.4550 -125.0822  
46.2650 -3.4724 -33.0505  
46.2860 -5.3684 -13.1460  
46.3310 -7.0406 -5.3093  
46.3470 -8.3637 87.0483  
46.3830 -9.5260 -17.0503  
46.4310 -10.5120 -9.6756  
46.4470 -11.3136 -16.4167  
46.5330 -11.8976 -0.7462  
46.5640 -12.2747 11.3540  
46.5800 -12.4173 29.2123  
46.6310 -12.3264 12.0932  
46.6470 -12.1201 54.9233  
46.6970 -12.0543 -32.9079  
46.7130 -12.1170 6.8270  
46.7640 -11.9339 36.1429  
46.7800 -11.5073 123.1513  
46.8320 -10.8674 35.9834  
46.8640 -9.9974 69.8910  
46.8800 -8.9148 154.8569  
46.9310 -7.6686 41.2428  
46.9470 -6.2916 120.3499  
47.0020 -4.7490 46.0717  
47.0160 -2.8328 149.3342  
47.0640 -0.7716 32.4734  
47.0800 1.2825 110.8297  
47.1310 3.0898 -9.7699  
47.1460 4.8243 76.2307  
47.1980 6.2400 -18.2867  
47.2130 7.4766 45.6965  
47.2640 8.5330 5.9235  
47.2800 9.4258 18.1104  
47.3470 10.0566 -1.2870  
47.3980 10.4580 -3.9910  
47.4130 10.6602 -28.8403  
47.4640 10.6210 -12.5817  
47.4800 10.5450 -54.1258  
47.5320 10.2509 -19.9326  
47.5460 10.2406 134.7298  
47.5980 10.0034 -30.4516  
47.6130 9.5772 -105.8759  
47.6640 8.8867 -46.1509  
47.6800 7.9824 -138.9359  
47.7340 6.8889 -38.8235  
47.7490 5.6407 -131.9773  
47.7980 4.2088 -50.5772  
47.8310 2.6522 -64.0271  
47.8470 1.0274 -107.3919  
47.8980 -0.9859 -39.1918  
47.9140 -3.0125 -107.3536  
47.9650 -4.9305 -9.8210  
47.9800 -6.4235 126.3884  
48.0310 -7.7661 -14.1003  
48.0490 -8.9692 -38.9537  
48.0970 -10.0270 -10.9806  
48.1130 -10.8843 -29.5296  
48.1650 -11.6906 -30.8429  
48.1800 -12.1527 114.9554  
48.2310 -12.3973 3.4519  
48.2470 -12.4234 29.1782  
48.2980 -12.3378 12.1010  
48.3310 -12.3538 26.6455  
48.3470 -12.3848 -54.3495  
48.3980 -12.3000 8.9667  
48.4130 -12.1106 34.5906  
48.4640 -11.6894 36.1987  
48.4800 -10.9204 117.0820  
48.5320 -10.1016 42.7400  
48.5470 -9.0633 158.0672  
48.5980 -7.8490 43.6702  
48.6140 -6.4867 131.0609  
48.6640 -4.9887 44.7437  
48.6800 -3.1697 146.1709  
48.7320 -1.2502 28.1538  
48.7640 0.8042 58.3141  
48.7830 2.7045 16.1262  
48.8200 4.3610 -15.2781  
48.8470 5.8019 2.4999  
48.8980 7.0839 15.3125  
48.9140 8.1898 29.1696  
48.9640 9.1064 4.0708  
48.9800 9.8806 50.8728  
49.0310 10.4620 8.0376  
49.0470 10.7629 -83.8016  
49.0980 10.8339 -8.4849  
49.1130 10.8102 -42.7610  
49.1650 10.7649 -14.9943  
49.1830 10.6348 -43.4199  
49.2310 10.6186 39.9949  
49.2470 10.3885 -104.5180  
49.2980 9.9891 -29.1908  
49.3130 9.2876 -147.1522  
49.3650 8.3112 -44.9792  
49.3800 7.2707 -132.1710  
49.4310 6.0628 -41.2939  
49.4470 4.6967 -139.0181  
49.4980 3.1850 -43.8196  
49.5160 1.5646 -103.8394  
49.5650 -0.4448 -40.1918  
49.5800 -2.4585 -114.4327  
49.6310 -4.4869 -32.0552  
49.6470 -6.2375 35.6425  
49.6980 -7.6041 29.4298  
49.7130 -8.8513 -52.5466  
49.7650 -9.9406 -10.1292  
49.7800 -10.8450 -25.0681  
49.8310 -11.3817 28.2902  
49.8490 -12.1467 -230.6883  
49.8980 -12.4414 55.7934  
49.9130 -12.5413 15.3857  
49.9650 -12.4013 14.7142  
49.9800 -12.2478 46.9246  
50.0310 -12.2768 -6.3331  
50.0470 -12.2965 -43.4578  
50.0980 -12.1749 17.3765  
50.1130 -11.8153 133.6002  
50.1650 -11.4157 35.4545  
50.1970 -10.3892 66.1161  
50.2130 -9.4004 147.2766  
50.2650 -8.2120 42.8454  
50.2800 -6.8902 139.8760  
50.3320 -5.4154 42.9716  
50.3470 -3.6620 164.1733  
50.3980 -1.6776 31.6661  
50.4130 0.3738 103.7442  
50.4640 2.2986 14.4505  
50.4800 3.9126 -78.9479  
50.5310 5.3843 13.5808  
50.5470 6.6984 48.7824  
50.5800 7.8716 24.7990  
50.6310 8.8432 1.6063  
50.6470 9.3555 -147.3400  
50.6980 10.0414 82.3209  
50.7140 10.3917 -108.8384  
50.7650 10.5245 -12.1376  
50.7980 10.5281 -16.7998  
50.8130 10.5801 -52.0072  
50.8640 10.4763 -16.9557  
50.8800 10.3990 65.3274  
50.9310 10.2008 -7.6509  
50.9470 9.8206 -108.6551  
50.9870 9.5421 -33.5048  
51.0140 8.5603 -104.9768  
51.0650 7.5418 -41.3475  
51.0800 6.3750 -140.1716  
51.1310 5.0410 -43.6313  
51.1470 3.5618 -139.5789  
51.1980 1.9723 -38.5615  
51.2320 0.0946 -54.0376  
51.2470 -1.9188 -116.4870  
51.2970 -3.9215 -32.6352  
51.3130 -5.9494 -99.5268  
51.3650 -7.6747 3.7056  
51.3800 -8.9537 156.9314  
51.4320 -10.0838 -11.8117  
51.4470 -11.0291 -25.0883  
51.4970 -11.6955 11.0886  
51.5140 -12.6102 -261.6507  
51.5650 -12.9668 73.3795  
51.5800 -13.1198 19.3286  
51.6310 -13.0566 10.3843  
51.6470 -12.7549 49.5294  
51.6970 -12.3898 16.5446  
51.7160 -12.4607 -105.6425  
51.7650 -12.3856 17.2746  
51.7800 -12.0848 125.4246  
51.8320 -11.6549 35.4677  
51.8470 -10.5829 131.5814  
51.8980 -9.6349 49.0592  
51.9140 -8.4931 139.2882  
51.9650 -7.1942 41.1716  
51.9800 -5.7638 140.5420  
52.0310 -4.1430 53.5365  
52.0490 -2.1622 88.5391  
52.0980 -0.1071 32.4173  
52.1130 1.8592 66.2473  
52.1650 3.4799 -30.9745  
52.1800 5.1292 150.5996  
52.2310 6.4669 -12.0500  
52.2470 7.6372 34.6668  
52.2980 8.6407 8.4849  
52.3130 9.3296 -69.2353  
52.3650 10.1138 70.8299  
52.3830 10.4827 -142.1112  
52.4310 10.6583 -7.2153  
52.4470 10.6964 -23.7789  
52.4980 10.8175 -15.3084  
52.5130 10.6435 -46.0726  
52.5650 10.6293 18.8856  
52.5800 10.5333 -17.4860  
52.6310 10.2076 -36.5645  
52.6470 9.8372 -92.8605  
52.6980 8.8407 -50.5430  
52.7160 7.8778 -123.4303  
52.7640 6.7521 -41.1338  
52.7800 5.4417 -139.2388  
52.8310 3.9861 -43.7626  
52.8470 2.3758 -139.9627  
52.8980 0.4923 -34.2983  
52.9130 -1.5371 -114.7288  
52.9650 -3.5644 -35.4700  
52.9800 -5.5166 -48.9385  
53.0310 -7.3050 -18.4281  
53.0490 -8.6034 148.7505  
53.0810 -9.7746 -21.9254  
53.1150 -10.7669 -12.9248  
53.1650 -11.5999 -12.7711  
53.2320 -12.2150 -0.8914  
53.2470 -12.5827 48.2567  
53.2980 -12.7253 10.3877  
53.3150 -12.6131 41.4559  
53.3480 -12.3483 23.9629  
53.3980 -12.1902 -40.1193  
53.4130 -12.2444 36.9226  
53.4510 -12.0400 49.5927  
53.4980 -11.6072 39.2586  
53.5130 -10.9234 124.7424  
53.5650 -10.0114 42.7365  
53.5800 -8.9349 157.8770  
53.6320 -7.6888 42.8299  
53.6470 -6.2704 161.7922  
53.7020 -4.7526 32.4433  
53.7160 -2.8004 167.0684  
53.7640 -0.7571 30.4996  
53.7800 1.2720 108.9475  
53.8310 2.9123 -40.0732  
53.8470 4.4651 62.2903  
53.8980 5.8736 15.2845  
53.9140 7.1147 43.4030  
53.9650 8.1711 7.4475  
53.9810 9.1301 90.7972  
54.0650 9.9297 2.2635  
54.0800 10.3137 -121.0673  
54.1310 10.5082 -8.4776  
54.1470 10.4641 -40.1360  
54.1990 10.5378 -16.6458  
54.2140 10.4169 -63.3198  
54.2650 10.4062 36.9031  
54.2800 10.1520 -116.0893  
54.3310 9.7234 -26.7231  
54.3470 8.9042 -153.3955  
54.3980 7.9332 -26.0370  
54.4160 6.8446 -166.1945  
54.4640 5.5220 -57.7623  
54.4800 4.1074 -97.6105  
54.5310 2.5557 -43.8712  
54.5470 0.9271 -107.3959  
54.5980 -1.0646 -34.2924  
54.6130 -3.0706 -125.6348  
54.6650 -5.0874 -28.2698  
54.6800 -6.8954 -24.5025  
54.7310 -8.3064 51.8143  
54.7490 -9.4884 -38.9415  
54.7980 -10.4308 -7.7050  
54.8130 -11.3081 -60.6546  
54.8810 -12.1557 -28.5489  
54.9310 -12.5526 55.7937  
54.9470 -12.7306 27.4378  
54.9970 -12.8966 -35.2687  
55.0140 -12.9184 -1.6866  
55.0480 -12.8133 26.5101  
55.0970 -12.9147 11.7760  
55.1140 -12.7653 106.3445  
55.1650 -12.4025 34.4375  
55.1800 -11.7638 123.3051  
55.2320 -10.7064 43.1846  
55.2470 -9.7658 108.0533  
55.2980 -8.5839 55.9439  
55.3140 -6.9267 186.7681  
55.3490 -5.1570 31.3573  
55.3980 -3.2165 53.2527  
55.4130 -1.2019 87.8229  
55.4680 0.8060 31.6500  
55.4810 2.6992 46.8983  
55.5150 4.2571 -44.2270  
55.5650 5.6683 15.5747  
55.5800 6.9903 48.6043  
55.6140 8.0702 12.7129  
55.6470 9.0647 64.6557  
55.6980 9.7715 -34.8701  
55.7130 10.2982 53.8192  
55.7480 10.5855 -30.7437  
55.7970 10.6556 -8.8236  
55.8130 10.6177 -29.2998  
55.8650 10.6523 -14.9905  
55.8800 10.5140 -63.3627  
55.9310 10.4955 37.7876  
55.9470 10.2789 -96.7852  
56.0020 9.7001 -27.0597  
56.0160 9.1575 -101.1251  
56.0650 8.2336 -61.3596  
56.0800 7.2067 -140.3910  
56.1140 6.0248 -58.3144  
56.1650 4.6673 -43.6135  
56.1800 3.1643 -148.9868  
56.2310 1.5694 -36.6492  
56.2470 -0.3934 -109.5008  
56.2980 -2.3861 -36.2330  
56.3160 -4.3895 -88.5935  
56.3480 -6.2918 -12.6508  
56.3810 -7.8352 17.6169  
56.4150 -9.0526 33.9909  
56.4480 -10.1243 -15.9508  
56.4980 -11.0175 -8.7889  
56.5130 -11.6071 53.3847  
56.5650 -12.5312 -100.2658  
56.5800 -12.8451 290.0146  
56.6310 -12.9301 8.6608  
56.6490 -12.7938 34.2862  
56.6980 -12.5380 16.1529  
56.7130 -12.2486 61.0667  
56.7650 -12.3566 -54.1897  
56.7800 -12.2275 123.0167  
56.8320 -11.8697 35.5131  
56.8470 -11.4196 114.9903  
56.8810 -10.2233 66.1068  
56.9140 -9.2380 67.8742  
56.9650 -8.0733 43.8342  
56.9830 -6.7599 116.9608  
57.0150 -5.3150 65.7930  
57.0650 -3.6885 54.6466  
57.0800 -1.6556 83.0938  
57.1310 0.3740 35.5199  
57.1470 2.3506 82.3154  
57.1980 3.9412 -41.8572  
57.2130 5.3849 51.8905  
57.2470 6.6826 22.9444  
57.2980 7.8036 9.1745  
57.3160 8.9434 127.4233  
57.3480 10.0565 57.4510  
57.3990 10.9283 6.2768  
57.4140 11.2736 -267.9628  
57.4490 11.3945 -12.3637  
57.4810 11.3282 -17.3334  
57.5140 11.4060 -21.0103  
57.5650 11.3109 -18.6491  
57.5800 11.3395 134.4419  
57.6310 11.1937 -25.0044  
57.6490 10.6447 -96.5823  
57.6990 9.7655 -29.2834  
57.7140 8.5708 -188.9535  
57.7470 7.5800 -60.0272  
57.7810 6.4214 -62.0508  
57.8150 5.1075 -62.0137  
57.8480 3.6264 -71.6734  
57.8810 2.0431 -59.8030  
57.9140 0.0956 -49.2429  
57.9470 -1.9091 -55.9600  
57.9990 -3.9118 -33.0638  
58.0130 -5.7884 -14.4764  
58.0480 -7.4303 -13.9461  
58.0980 -8.6922 36.4051  
58.1130 -9.8044 -40.9208  
58.1480 -10.7498 -12.5513  
58.1810 -11.5151 -17.1350  
58.2310 -12.3464 -52.6549  
58.2470 -12.7042 194.3907  
58.2810 -12.8482 8.5468  
58.3140 -12.7586 18.7077  
58.3480 -12.5871 18.1170  
58.3980 -12.2752 18.3099  
58.4140 -12.2907 -90.8190  
58.4480 -12.2206 7.1165  
58.4810 -11.9218 55.9964  
58.5140 -11.3813 56.0807  
58.5470 -10.3776 60.6010  
58.5820 -9.4472 67.9217  
58.6140 -8.3234 69.5298  
58.6500 -7.0506 58.5252  
58.6810 -5.6403 64.2253  
58.7310 -4.0248 59.3678  
58.7470 -2.1269 85.6350  
58.7980 -0.0968 30.6513  
58.8130 1.9105 108.0470  
58.8480 3.6911 -11.8793  
58.8810 5.2710 -0.2396  
58.9150 6.6000 -3.8792  
58.9480 7.7672 18.4159  
58.9810 8.7618 11.5098  
59.0140 9.6726 34.9723  
59.0480 10.5346 72.9317  
59.0810 10.9049 -107.4899  
59.1140 11.0895 -8.8656  
59.1480 11.0600 -15.3314  
59.1810 11.0027 -21.0213  
59.2140 10.8510 -28.8351  
59.2480 10.8038 26.8571  
59.2800 10.6863 -2.9834  
59.3140 10.3720 -46.7267  
59.3510 9.7931 -40.2956  
59.3800 8.7076 -89.1943  
59.4150 7.7657 -60.3196  
59.4470 6.6432 -65.6036  
59.4810 5.3616 -62.0924  
59.5140 3.9272 -67.3594  
59.5480 2.3640 -65.8498  
59.5810 0.5471 -49.1975  
59.6140 -1.4448 -55.9356  
59.6480 -3.4371 -46.8413  
59.6800 -5.4250 -45.2222  
59.7140 -7.1281 7.6916  
59.7470 -8.4214 60.2143  
59.7810 -9.5661 -18.0419  
59.8150 -10.5523 -15.4969  
59.8480 -11.3364 -6.0781  
59.9140 -11.8940 0.3744  
59.9480 -12.2691 5.9495  
59.9810 -12.4067 16.0431  
60.0130 -12.3234 19.2614  
60.0480 -12.0190 21.7949  
60.0810 -11.8871 -44.3165  
60.1130 -11.9336 6.3215  
60.1480 -11.7340 52.8253  
60.1800 -11.3062 54.8063  
60.2140 -10.6735 54.3869  
60.2470 -9.8188 67.9921  
60.2810 -8.7353 73.2716  
60.3140 -7.5068 59.9884  
60.3470 -6.1286 64.0147  
60.3810 -4.6044 65.3796  
60.4140 -2.7102 67.8394  
60.4480 -0.6921 42.3562  
60.4810 1.3154 52.8230  
60.5140 3.1723 7.5236  
60.5480 4.7062 -40.6434  
60.5810 6.0936 23.6155  
60.6150 7.2926 17.8645  
60.6480 8.3403 14.1518  
60.6800 9.0963 -25.1488  
60.7480 9.8155 27.2740  
60.7810 10.2026 -32.7971  
60.8170 10.4023 -12.0715  
60.8470 10.3495 -26.0242  
60.8810 10.1940 -22.9095  
60.9140 10.0817 -28.7817  
60.9480 10.0922 59.0227  
60.9810 9.8581 -55.7060  
61.0140 9.4406 -41.4432  
61.0480 8.8557 -72.8629  
61.0810 7.8755 -63.6162  
61.1140 6.7939 -63.5255  
61.1470 5.5447 -63.9578  
61.1810 4.1512 -65.3939  
61.2140 2.6119 -67.7869  
61.2470 1.0054 -49.1404  
61.2810 -0.9862 -54.2627  
61.3140 -2.9658 -52.0320  
61.3480 -4.8904 -24.0972  
61.3800 -6.6289 -19.2179  
61.4140 -7.9871 50.0801  
61.4470 -9.1639 -8.5368  
61.4810 -10.1823 -15.4867  
61.5170 -11.0135 -9.7671  
61.5470 -11.6768 -18.6019  
61.5810 -12.3695 -56.3326  
61.6140 -12.6101 81.0801  
61.6480 -12.6349 12.9781  
61.6810 -12.5161 18.6836  
61.7140 -12.2567 23.9629  
61.7480 -12.2608 -27.3968  
61.7810 -12.2971 -18.3234  
61.8140 -12.1090 52.0598  
61.8470 -11.7137 52.1366  
61.8800 -11.0753 56.7501  
61.9140 -10.0231 65.3653  
61.9480 -9.0118 66.6966  
61.9810 -7.8239 66.8474  
62.0150 -6.4873 61.8776  
62.0470 -5.0192 65.8210  
62.0810 -3.2094 73.0988  
62.1140 -1.1922 44.5204  
62.1480 0.8121 46.7329  
62.1810 2.7442 30.2512  
62.2170 4.4656 -6.4762  
62.2530 5.8768 -24.4571  
62.2810 7.1306 24.7751  
62.3150 8.2106 13.7530  
62.3480 9.1061 7.8678  
62.3810 10.0673 83.7195  
62.4140 10.6150 -49.9924  
62.4480 10.8958 -35.2813  
62.4820 10.9796 -11.1807  
62.5150 10.8943 -21.0382  
62.5470 10.7543 -24.3535  
62.5810 10.6200 -24.2182  
62.6170 10.6086 53.3842  
62.6470 10.3920 -52.7915  
62.6810 10.0006 -43.7731  
62.7150 9.1122 -64.9178  
62.7470 8.1664 -69.5045  
62.7810 7.1308 -61.6732  
62.8150 5.9355 -58.1696  
62.8480 4.5854 -67.9313  
62.8810 3.0890 -67.9533  
62.9140 1.4901 -56.0283  
62.9470 -0.4729 -52.0997  
62.9810 -2.4617 -54.1544  
63.0140 -4.4651 -49.5163  
63.0480 -6.2466 0.3486  
63.0810 -7.5948 63.8814  
63.1140 -8.8034 -21.2147  
63.1480 -9.8975 -24.5001  
63.1810 -10.7806 -4.0151  
63.2140 -11.2766 49.3615  
63.2480 -12.0567 -137.9208  
63.2810 -12.3500 95.4029  
63.3180 -12.4301 7.8718  
63.3470 -12.2850 21.2742  
63.3810 -12.0620 23.2721  
63.4140 -12.2451 -59.1802  
63.4480 -12.2501 31.8110  
63.4810 -12.0990 22.0288  
63.5140 -11.7375 59.7553  
63.5480 -11.3640 51.4474  
63.5810 -10.3118 63.5767  
63.6140 -9.3494 68.1640  
63.6470 -8.1936 67.4540  
63.6810 -6.8894 61.7681  
63.7140 -5.4534 63.9562  
63.7480 -3.5487 80.3626  
63.7810 -1.6178 40.7509  
63.8140 0.4117 51.9134  
63.8480 2.3901 42.9467  
63.8810 3.9957 -59.9675  
63.9130 5.4394 14.9820  
63.9480 6.7275 19.8097  
63.9810 7.8484 16.8081  
64.0180 8.7853 7.0152  
64.0470 9.8821 127.9198  
64.0810 10.8937 55.2824  
64.1150 11.2807 -144.1280  
64.1470 11.3982 -30.6930  
64.1810 11.3089 -17.8743  
64.2140 11.3396 -23.6275  
64.2480 11.2486 -21.6521  
64.2810 11.1898 30.7380  
64.3150 11.0191 -16.5767  
64.3470 10.6612 -50.4231  
64.3800 9.8106 -36.8575  
64.4150 8.4752 -84.8270  
64.4470 7.4328 -61.5698  
64.4810 6.2780 -61.9556  
64.5140 4.9727 -63.9910  
64.5490 3.5232 -63.4999  
64.5820 1.9482 -60.3481  
64.6140 0.0998 -53.7119  
64.6480 -1.8674 -51.5332  
64.6850 -3.8326 -43.0583  
64.7140 -5.7212 -15.5611  
64.7480 -7.3824 -20.3952  
64.7800 -8.6706 54.9584  
64.8140 -9.7656 -5.1314  
64.8480 -10.6872 -11.1043  
64.8810 -11.3575 8.8153  
64.9140 -12.1346 -92.7143  
64.9470 -12.4691 82.0366  
64.9810 -12.6080 5.9814  
65.0140 -12.5259 18.6955  
65.0480 -12.3283 20.6894  
65.0810 -11.9983 19.1487  
65.1140 -12.0178 -52.6538  
65.1470 -11.9401 24.1773  
65.1810 -11.6399 54.3312  
65.2140 -11.1813 56.8375  
65.2480 -10.2051 62.2419  
65.2810 -9.2886 63.9093  
65.3170 -8.1701 61.8110  
65.3470 -6.9025 70.2163  
65.3810 -5.4948 61.9060  
65.4140 -3.8648 86.5224  
65.4470 -1.9291 39.9796  
65.4800 0.0758 45.1407  
65.5140 2.0705 51.3445  
65.5470 3.8819 1.2747  
65.5810 5.3314 -44.1869  
65.6150 6.6480 22.9325  
65.6470 7.7975 17.3420  
65.6810 8.9353 58.4924  
65.7140 9.6600 -61.4061  
65.7810 10.1461 7.0188  
65.8140 10.4798 -6.2415  
65.8480 10.6036 -17.8842  
65.8810 10.4836 -21.0157  
65.9140 10.2814 -23.5923  
65.9480 10.3538 36.5516  
65.9800 10.3096 -12.0909  
66.0150 10.0385 -48.9509  
66.0470 9.4318 -42.7147  
66.0810 8.7555 -80.1024  
66.1140 7.8346 -59.8503  
66.1470 6.7245 -63.5573  
66.1810 5.4649 -61.8783  
66.2140 4.0639 -63.8533  
66.2470 2.5046 -71.5912  
66.2810 0.6586 -47.7363  
66.3150 -1.3207 -50.5973  
66.3470 -3.3130 -57.6028  
66.3810 -5.2978 -37.9984  
66.4170 -7.0136 -0.9365  
66.4470 -8.3017 76.7385  
66.4810 -9.4721 -27.0539  
66.5140 -10.4690 -11.1926  
66.5480 -11.2603 -1.5208  
66.5800 -11.8954 -24.9917  
66.6140 -12.2857 24.2732  
66.6480 -12.4992 1.3870  
66.6810 -12.4987 8.9624  
66.7140 -12.2686 30.4588  
66.7480 -12.1412 -31.1869  
66.7800 -12.1180 39.3514  
66.8150 -12.0735 -20.1694  
66.8480 -11.8203 52.0233  
66.8810 -11.3650 59.6860  
66.9140 -10.6428 56.6546  
66.9480 -9.7795 65.7416  
66.9810 -8.6981 67.5586  
67.0140 -7.4235 67.4865  
67.0470 -6.0646 55.9982  
67.0810 -4.3650 69.0459  
67.1140 -2.5705 66.8850  
67.1470 -0.5691 41.3350  
67.1810 1.4350 51.2694  
67.2140 3.2558 4.1404  
67.2480 4.7539 -39.9033  
67.2810 6.1065 23.6096  
67.3140 7.3269 27.5211  
67.3480 8.3412 4.8923  
67.3810 9.3804 63.5289  
67.4480 10.0012 -27.4141  
67.4810 10.3857 -4.7248  
67.5180 10.5909 -11.5864  
67.5470 10.5294 -31.8248  
67.5810 10.3765 -22.9039  
67.6140 10.2642 -28.7754  
67.6480 10.2551 53.2413  
67.6810 9.9996 -47.1363  
67.7140 9.5782 -45.2047  
67.7480 8.7010 -72.4347  
67.7810 7.8085 -60.2959  
67.8140 6.7219 -63.5255  
67.8470 5.4671 -63.9578  
67.8810 4.0947 -61.7453  
67.9140 2.5640 -71.5460  
67.9480 0.9662 -47.6951  
67.9810 -0.9847 -52.1140  
68.0140 -2.9557 -53.2430  
68.0480 -4.9324 -45.5657  
68.0810 -6.5826 24.3184  
68.1150 -7.8903 42.2414  
68.1480 -9.0583 -21.2211  
68.1800 -10.0679 -16.4493  
68.2180 -10.8877 -5.3070  
68.2470 -11.5952 -42.6871  
68.2810 -12.1694 -8.4660  
68.3140 -12.4076 49.6850  
68.3470 -12.4321 11.5178  
68.3810 -12.2400 18.1283  
68.4140 -12.1538 -7.7518  
68.4480 -12.1932 5.2761  
68.4810 -12.1344 8.5524  
68.5140 -11.9551 20.5699  
68.5510 -11.5585 53.2622  
68.5810 -10.8657 57.4793  
68.6140 -9.9197 68.0338  
68.6480 -8.9130 66.0517  
68.6810 -7.7215 67.5002  
68.7140 -6.3944 59.7830  
68.7480 -4.8304 62.1511  
68.7800 -3.0358 77.6675  
68.8150 -1.1502 34.0944  
68.8470 0.8508 57.2302  
68.8830 2.7422 24.3029  
68.9140 4.2789 -58.7724  
68.9470 5.6690 23.5923  
68.9810 6.9132 23.1514  
69.0150 7.9721 11.0079  
69.0480 8.8542 6.2126  
69.0800 9.7218 61.4959  
69.1140 10.2752 -19.3113  
69.1480 10.5813 -37.6253  
69.1810 10.6619 -12.8543  
69.2140 10.5835 -21.6475  
69.2480 10.6095 -22.9152  
69.2810 10.4712 -26.1739  
69.3140 10.4466 58.3111  
69.3480 10.2262 -46.5767  
69.3800 9.8366 -46.4953  
69.4140 9.0294 -64.9157  
69.4480 8.0787 -61.5131  
69.4800 7.0578 -61.9552  
69.5150 5.8686 -60.1711  
69.5470 4.5409 -65.6353  
69.5810 3.0676 -65.7177  
69.6140 1.4964 -55.8313  
69.6480 -0.4542 -55.0097  
69.6810 -2.4093 -49.3692  
69.7150 -4.3475 -38.7520  
69.7470 -6.1349 -21.8719  
69.7810 -7.6736 11.6343  
69.8150 -8.8857 37.7430  
69.8480 -9.9399 -15.9406  
69.8810 -10.8217 -11.4315  
69.9140 -11.9334 -137.3592  
69.9480 -12.7231 40.5000  
69.9810 -13.0076 96.4191  
70.0140 -13.1106 5.6501  
70.0480 -13.0008 23.8203  
70.0810 -12.7507 21.3035  
70.1140 -12.6302 -27.3024  
70.1470 -12.6237 4.3710  
70.1810 -12.4467 34.6716  
70.2140 -12.0971 40.8531  
70.2480 -11.1224 50.5493  
70.2810 -10.0615 67.8607  
70.3140 -9.0946 67.9101  
70.3480 -7.9371 61.5585  
70.3810 -6.6500 63.7968  
70.4140 -5.2227 63.7992  
70.4480 -3.4818 65.7248  
70.4810 -1.5862 51.2740  
70.5140 0.3530 48.9258  
70.5470 2.3159 48.0162  
70.5810 3.8743 -68.4100  
70.6140 5.2952 26.1981  
70.6480 6.5613 20.3870  
70.6810 7.6650 14.1969  
70.7140 8.5873 8.8434  
70.7470 9.5162 65.8058  
70.7810 10.4081 54.8336  
70.8140 10.7327 -120.6615  
70.8480 10.8612 -10.1746  
70.8810 10.7757 -16.8248  
70.9150 10.8535 -20.3818  
70.9480 10.7497 -28.8079  
70.9810 10.7214 43.8568  
71.0180 10.5711 -20.3037  
71.0480 10.2272 -54.8113  
71.0810 9.4826 -55.6338  
71.1150 8.3260 -66.3236  
71.1480 7.3608 -62.6811  
71.1810 6.2198 -63.7143  
71.2150 4.9243 -61.8029  
71.2480 3.4624 -71.4291  
71.2810 1.9237 -52.0625  
71.3150 0.0535 -54.9397  
71.3480 -1.9131 -51.9697  
71.3810 -3.8740 -48.1014  
71.4140 -5.7415 -27.3584  
71.4480 -7.3175 19.4486  
71.4810 -8.5614 37.9258  
71.5140 -9.6564 -18.5886  
71.5480 -10.6015 -17.6880  
71.5810 -11.3895 -23.8388  
71.6140 -12.5425 -162.6982  
71.6480 -12.8858 183.2418  
71.6810 -13.0196 11.4994  
71.7140 -12.9418 16.0221  
71.7470 -12.7034 21.3163  
71.7810 -12.4434 25.7940  
71.8150 -12.3791 -20.7274  
71.8480 -12.2975 -13.3823  
71.8810 -11.9843 51.9911  
71.9150 -11.4080 54.2341  
71.9480 -10.0936 60.9501  
71.9810 -9.1684 70.8681  
72.0150 -8.0707 61.9029  
72.0480 -6.8159 63.6289  
72.0810 -5.4334 59.9961  
72.1150 -3.9274 62.1446  
72.1480 -2.1318 66.3613  
72.1810 -0.1463 44.2068  
72.2140 1.8291 48.9211  
72.2480 3.4159 -60.0886  
72.2820 4.8797 23.0067  
72.3140 6.1790 21.6502  
72.3480 7.3285 17.8645  
72.3810 8.3060 11.5292  
72.4140 8.9631 -37.1411  
72.4480 9.9450 157.6936  
72.4820 10.3029 -119.0995  
72.5150 10.4718 -13.1055  
72.5480 10.4410 -11.5682  
72.5820 10.5452 -20.3923  
72.6140 10.4760 -29.7220  
72.6480 10.4619 36.5701  
72.6810 10.3461 -12.4122  
72.7140 10.0340 -47.9686  
72.7480 9.6959 -43.6875  
72.7820 8.5639 -75.8127  
72.8150 7.6393 -59.8442  
72.8480 6.5482 -63.5685  
72.8820 5.2713 -65.8759  
72.9140 3.8558 -64.9824  
72.9520 2.3348 -52.7894  
72.9810 0.5176 -59.2554  
73.0140 -1.4425 -55.7288  
73.0480 -3.3199 -22.2374  
73.0810 -5.1512 -31.0140  
73.1140 -6.6381 26.2313  
73.1480 -7.9139 4.0182  
73.1810 -9.0412 -18.5770  
73.2150 -9.9884 -12.9035  
73.2480 -10.7478 -6.1111  
73.3150 -11.3128 -0.9240  
73.3470 -11.6857 6.3439  
73.3810 -11.8129 18.1515  
73.4140 -11.8030 18.6603  
73.4480 -11.6029 25.8086  
73.4810 -11.4428 14.1390  
73.5150 -11.4737 -52.1708  
73.5480 -11.2631 54.5991  
73.5810 -10.8341 52.9242  
73.6150 -10.2005 54.1925  
73.6510 -9.3237 65.8809  
73.6810 -8.2578 69.7645  
73.7150 -7.0435 61.8095  
73.7480 -5.6926 60.0614  
73.7820 -4.2202 61.5171  
73.8140 -2.5591 73.5846  
73.8480 -0.5866 39.4055  
73.8820 1.3675 47.5819  
73.9140 3.1784 9.8143  
73.9480 4.6767 -37.7362  
73.9810 6.0069 20.9371  
74.0140 7.1977 21.1574  
74.0480 8.2073 8.5287  
74.0810 9.0478 8.8225  
74.1480 9.7159 5.4833  
74.1810 10.0827 -19.9553  
74.2150 10.2687 -13.7617  
74.2480 10.2235 -21.0157  
74.2810 10.0691 -23.5923  
74.3150 9.9750 -20.0250  
74.3470 9.9778 51.9160  
74.3810 9.7368 -51.1986  
74.4140 9.3283 -41.9721  
74.4480 8.6475 -71.5198  
74.4810 7.7323 -59.8701  
74.5140 6.6734 -63.5255  
74.5480 5.4138 -72.7952  
74.5810 4.0377 -56.3321  
74.6140 2.5156 -67.7869  
74.6480 0.8871 -51.3715  
74.6810 -1.0796 -52.1192  
74.7140 -3.0440 -52.0320  
74.7480 -4.9150 -13.2829  
74.7820 -6.4316 32.7002  
74.8150 -7.7480 0.8200  
74.8480 -8.9160 -18.5713  
74.8810 -9.8979 -18.6123  
74.9140 -10.7635 -21.0793  
74.9810 -11.5653 -23.8609  
75.0150 -11.9630 67.4793  
75.0480 -12.1507 11.5178  
75.0910 -12.1050 14.3340  
75.1060 -11.9264 58.5502  
75.1480 -12.0701 -50.2829  
75.1810 -12.0726 43.6192  
75.2140 -11.9333 24.3674  
75.2480 -11.5607 50.5973  
75.2820 -10.9335 54.3958  
75.3150 -9.9204 68.4903  
75.3480 -8.9948 43.0369  
75.3820 -7.8158 85.7014  
75.4150 -6.4887 63.5447  
75.4480 -5.0505 60.2762  
75.4810 -3.1548 74.6275  
75.5140 -1.2692 40.6055  
75.5480 0.6977 47.5176  
75.5810 2.6433 45.7076  
75.6150 4.1714 -68.4124  
75.6470 5.5513 24.3237  
75.6810 6.8586 20.3923  
75.7140 7.9126 11.5682  
75.7480 8.9012 42.4576  
75.7810 9.7045 4.0810  
75.8140 10.3523 27.5216  
75.8480 10.6347 -68.0449  
75.8810 10.7174 -11.5486  
75.9140 10.5887 -18.3960  
75.9480 10.6059 -25.4520  
75.9810 10.4504 -28.7754  
76.0150 10.4315 60.5500  
76.0480 10.2035 -51.7465  
76.0810 9.6949 -41.3111  
76.1150 8.9398 -68.5517  
76.1470 7.8962 -61.7641  
76.1810 6.8744 -61.6288  
76.2150 5.6928 -58.2240  
76.2480 4.3613 -63.8017  
76.2810 2.8929 -67.7213  
76.3140 1.3325 -56.6397  
76.3480 -0.6057 -50.5674  
76.3810 -2.5486 -53.1778  
76.4150 -4.5146 -46.8930  
76.4480 -6.2773 -9.0130  
76.4810 -7.7604 24.8299  
76.5150 -8.9480 25.2777  
76.5480 -9.9815 -13.2817  
76.5810 -10.8422 -11.4408  
76.6150 -11.4525 7.8869  
76.6480 -12.1179 -73.3005  
76.6810 -12.3936 65.9746  
76.7150 -12.4647 8.5860  
76.7480 -12.3146 18.6836  
76.7810 -12.0646 21.3035  
76.8150 -11.9482 -15.2196  
76.8480 -11.9512 -10.1579  
76.8810 -11.7940 35.2980  
76.9140 -11.4562 43.2594  
76.9480 -10.9603 54.4071  
76.9820 -10.0103 62.4120  
77.0150 -9.1368 42.7721  
77.0480 -7.9986 89.0699  
77.0820 -6.6458 81.2532  
77.1140 -5.2309 41.3783  
77.1480 -3.4911 80.3476  
77.1810 -1.5982 36.2089  
77.2140 0.2994 36.7444  
77.2480 2.2404 54.7434  
77.2810 3.7714 -68.1646  
77.3150 5.1767 25.4157  
77.3480 6.5101 20.9942  
77.3810 7.5965 14.2151  
77.4140 8.6132 62.5778  
77.4480 9.5849 25.7549  
77.4860 10.4588 46.1125  
77.5140 10.9606 -90.1807  
77.5480 11.1209 -64.8033  
77.5810 11.0343 -18.3960  
77.6150 11.1034 -20.3665  
77.6480 10.9997 -26.1739  
77.6810 11.0316 62.0798  
77.7150 10.8583 -46.5807  
77.7480 10.3419 -41.3472  
77.7820 9.5297 -61.2798  
77.8140 8.3331 -65.3468  
77.8480 7.1906 -58.3600  
77.8820 6.0581 -61.8651  
77.9140 4.7875 -62.1109  
77.9480 3.3764 -61.7138  
77.9820 1.8525 -58.5593  
78.0140 -0.0605 -57.6089  
78.0480 -1.9779 -47.8429  
78.0820 -3.9307 -50.5478  
78.1140 -5.7086 -10.4622  
78.1480 -7.0600 63.9553  
78.1810 -8.2828 -21.1895  
78.2140 -9.3567 -18.5828  
78.2480 -10.2669 -10.3244  
78.2810 -10.9563 3.3211  
78.3140 -11.9066 -139.4119  
78.3480 -12.2323 129.5048  
78.3810 -12.3573 11.5178  
78.4140 -12.2576 16.0119  
78.4480 -12.0630 18.0950  
78.4810 -11.9893 29.2210  
78.5140 -12.0191 -52.5485  
78.5480 -11.9376 14.7003  
78.5810 -11.6363 55.9687  
78.6140 -11.1735 52.2719  
78.6480 -10.0489 59.3323  
78.6810 -9.1424 67.3465  
78.7140 -8.0502 67.7583  
78.7480 -6.8127 58.3163  
78.7810 -5.4385 60.0225  
78.8150 -3.8754 83.9486  
78.8480 -2.0069 40.0108  
78.8810 -0.0394 45.1131  
78.9140 1.9053 49.0761  
78.9480 3.5771 -29.5397  
78.9810 5.0044 -12.9408  
79.0150 6.2874 22.9095  
79.0490 7.4024 16.3546  
79.0850 8.5526 64.8665  
79.1140 9.3280 -60.9643  
79.1490 10.0335 61.6007  
79.1810 10.5879 -5.9858  
79.2150 10.7488 -71.9216  
79.2480 10.7096 -11.5878  
79.2810 10.7015 -20.9995  
79.3140 10.6497 -26.1919  
79.3490 10.6491 36.9021  
79.3810 10.5465 -14.4945  
79.4140 10.0366 -52.6813  
79.4480 9.5818 -35.7702  
79.4810 8.6404 -82.1371  
79.5140 7.5319 -56.4625  
79.5480 6.4579 -61.7446  
79.5820 5.2110 -62.0924  
79.6140 3.8220 -66.0825  
79.6480 2.2948 -66.0614  
79.6810 0.4756 -49.3532  
79.7150 -1.4663 -49.7375  
79.7480 -3.3936 -48.2450  
79.7810 -5.3395 -42.4893  
79.8150 -6.8567 46.3680  
79.8480 -8.1237 19.3453  
79.8820 -9.2421 -18.0251  
79.9150 -10.1932 -13.2902  
79.9480 -10.9592 -7.9845  
80.0150 -11.4918 1.3113  
80.0480 -11.8412 6.1737  
80.0810 -11.9686 16.0221  
80.1140 -11.8752 18.6546  
80.1480 -11.5676 21.7572  
80.1810 -11.5562 -41.9728  
80.2140 -11.5800 8.6939  
80.2480 -11.3815 47.3375  
80.2820 -10.9514 55.2201  
80.3140 -10.3101 57.7791  
80.3480 -9.4533 65.9546  
80.3820 -8.4174 58.6533  
80.4160 -7.2118 65.5029  
