Tempo Angle omega x y
s degrees degrees/s  
0.0310 17.5061 146.6031  
0.0630 17.7527 -88.9525  
0.0970 17.5944 -167.5530  
0.1290 16.6832 24.3823  
0.1630 16.3149 -13.9382  
0.1960 15.5202 -120.0072  
0.2290 14.3409 -100.1988  
0.2630 12.8136 -102.3796  
0.3000 10.9841 -93.8672  
0.3290 8.8391 -132.0758  
0.3630 5.9015 -90.8052  
0.3960 2.9608 -87.2121  
0.4290 0.3804 -63.4639  
0.4620 -2.2691 2.7240  
0.4970 -4.8471 6.8745  
0.5290 -7.1754 -45.7213  
0.5630 -9.2721 -29.1351  
0.5970 -11.1009 -23.5815  
0.6290 -12.6140 -9.8783  
0.6630 -14.5823 -246.5530  
0.7000 -14.8469 377.0475  
0.7290 -14.7919 10.9239  
0.7630 -14.4624 19.1567  
0.7950 -14.0584 26.1104  
0.8290 -13.5899 26.0162  
0.8630 -12.8651 32.3763  
0.8960 -12.0547 -4.1067  
0.9300 -11.0203 42.2998  
0.9630 -9.7808 52.5983  
0.9960 -7.4580 74.2528  
1.0290 -6.2852 74.2480  
1.0660 -4.8961 67.0142  
1.0960 -3.3399 77.4331  
1.1300 -1.6328 68.9283  
1.1630 0.2211 71.3085  
1.1960 2.0345 21.0806  
1.2300 4.0182 46.1063  
1.2630 6.0013 43.4197  
1.2960 7.9760 50.0265  
1.3300 9.3317 -109.9800  
1.3630 10.4983 16.9468  
1.3950 11.4384 6.6919  
1.4330 12.1213 -6.5377  
1.4630 12.5920 7.3658  
1.4960 12.7964 -9.3868  
1.5290 12.8657 -19.8589  
1.5630 13.2363 134.7259  
1.5960 13.1272 -101.9277  
1.6300 12.7092 -42.3202  
1.6630 12.5315 -40.4869  
1.6960 12.1716 -38.2746  
1.7290 11.5579 -70.3951  
1.7630 10.7376 -68.0929  
1.7960 9.6484 -74.7698  
1.8320 8.3438 -68.4468  
1.8630 6.8046 -96.8173  
1.8960 4.6313 -53.3501  
1.9300 2.5754 -64.3991  
1.9630 0.5003 -49.4126  
1.9960 -1.3765 19.6129  
2.0290 -3.1523 -7.6782  
2.0630 -4.7748 -23.2344  
2.0960 -6.2401 -22.5405  
2.1290 -7.5053 -14.1149  
2.1630 -8.5314 -2.1627  
2.1960 -9.8630 -183.5030  
2.2290 -10.4000 187.4137  
2.2630 -10.6771 12.0667  
2.2820 -10.7260 34.2605  
2.3290 -10.7468 19.7394  
2.3630 -10.6445 28.7708  
2.3960 -10.3795 25.3768  
2.4290 -10.0471 -2.1434  
2.4620 -9.5182 45.4532  
2.4960 -8.7909 56.1650  
2.5300 -7.1727 83.9622  
2.5630 -5.9546 66.1450  
2.5960 -4.5304 74.8845  
2.6290 -2.9398 70.1526  
2.6630 -1.1653 81.3734  
2.6960 0.7038 58.3114  
2.7290 2.3474 -42.9516  
2.7630 4.0213 6.8296  
2.7960 6.1363 179.1163  
2.8290 7.9464 -34.5202  
2.8630 9.2395 -68.1238  
2.8960 10.3608 14.1298  
2.9300 11.3422 31.4967  
2.9630 12.3869 89.3627  
2.9960 12.7689 -117.0014  
3.0300 12.9022 -16.5477  
3.0630 13.2419 19.6009  
3.0960 13.8543 89.6752  
3.1290 13.2681 -184.0835  
3.1630 12.8795 24.5985  
3.1970 12.7488 7.7156  
3.2290 12.3004 -84.6924  
3.2620 11.5368 -63.0538  
3.2970 10.2319 -70.4072  
3.3300 9.0677 -74.3618  
3.3620 7.7134 -76.9992  
3.3950 6.0217 -82.6372  
3.4290 3.8689 -48.5839  
3.4630 2.1303 -56.8672  
3.4960 0.1550 -46.3608  
3.5320 -1.7290 32.6615  
3.5630 -3.4443 -33.0192  
3.5960 -5.0305 -23.9229  
3.6300 -6.4353 -19.1511  
3.6630 -7.6414 -14.1192  
3.6960 -8.2945 92.8850  
3.7300 -8.9795 -89.5733  
3.7630 -9.4733 7.8767  
3.7960 -9.7272 14.1063  
3.8290 -9.7538 22.5277  
3.8630 -9.8096 25.9873  
3.8960 -9.6515 33.7940  
3.9290 -9.4865 -21.8256  
3.9630 -9.1467 32.2692  
3.9960 -8.5538 62.5605  
4.0290 -8.0777 57.5034  
4.0630 -7.0105 84.2753  
4.0960 -5.7228 74.6763  
4.1300 -4.2486 68.5613  
4.1630 -2.6310 65.9980  
4.1960 -0.7984 91.8988  
4.2300 1.0422 35.1806  
4.2630 2.9138 -12.4531  
4.3070 4.6081 -15.3497  
4.3330 6.7264 242.4708  
4.3640 8.3389 -101.9709  
4.3960 9.5867 -24.3843  
4.4300 10.6255 10.9733  
4.4630 11.5902 48.2209  
4.4960 12.7987 139.8576  
4.5300 13.0804 -183.3958  
4.5630 13.1863 -17.0369  
4.5970 13.5711 69.9600  
4.6290 14.1368 35.4167  
4.6630 13.4554 -181.3701  
4.6960 13.0638 -7.9686  
4.7290 12.8715 36.7472  
4.7620 12.3379 -92.1221  
4.7970 11.4537 -54.6892  
4.8300 9.8628 -74.3093  
4.8630 8.6490 -74.6968  
4.8970 7.2586 -68.4487  
4.9290 5.3715 -80.9278  
4.9630 3.1653 -60.4668  
4.9960 1.4430 -40.2817  
5.0290 -0.2105 12.9033  
5.0630 -2.0609 -22.2232  
5.0960 -3.7096 -31.0333  
5.1290 -5.2365 -21.0904  
5.1630 -6.5740 -16.4176  
5.1970 -7.7060 -12.0566  
5.2630 -8.6053 0.0000  
5.2970 -9.2046 12.0566  
5.3300 -9.5518 14.0980  
5.3630 -9.6918 22.5151  
5.3950 -9.7767 30.5332  
5.4300 -9.7400 13.1482  
5.4630 -9.4638 41.5273  
5.4960 -9.0256 28.0120  
5.5300 -8.4247 31.4182  
5.5630 -7.5385 74.0717  
5.5960 -6.4201 70.3160  
5.6290 -5.0963 74.6918  
5.6630 -3.5910 67.0845  
5.6960 -1.9206 72.5034  
5.7300 -0.0779 79.4373  
5.7630 1.7989 24.2679  
5.7960 3.6420 31.3095  
5.8290 5.2617 -39.6532  
5.8630 7.3585 171.7186  
5.8960 8.8115 -121.0077  
5.9290 10.0140 -5.6212  
5.9660 11.0007 8.3187  
5.9960 11.8817 40.7690  
6.0300 12.4076 -34.0481  
6.0630 12.6418 -6.5458  
6.0970 12.7304 -19.2816  
6.1300 13.0630 105.2558  
6.1630 13.0165 -154.5617  
6.1970 12.2875 -28.9976  
6.2300 12.1135 47.1971  
6.2620 11.8846 -22.9709  
6.2960 11.3352 -85.2163  
6.3310 10.4166 -70.5333  
6.3510 9.3830 -115.3854  
6.3960 8.1238 -54.9501  
6.4290 6.6436 -86.8242  
6.4630 4.6417 -51.2609  
6.4960 2.9640 -56.3175  
6.5290 1.2370 -44.8306  
6.5620 -0.5759 21.1494  
6.5960 -2.4269 -32.7926  
6.6300 -4.0672 -23.2654  
6.6630 -5.5442 -25.3331  
6.7000 -6.8463 -15.0953  
6.7290 -7.9143 -4.5131  
6.7970 -8.6864 1.3636  
6.8300 -9.2525 9.6225  
6.8630 -9.5677 19.7257  
6.8960 -9.6607 22.4968  
6.9290 -9.7257 29.6286  
6.9630 -9.5585 35.4827  
6.9970 -9.3678 -16.3320  
7.0300 -8.9074 56.3933  
7.0630 -8.2471 43.6727  
7.0960 -7.3018 82.3559  
7.1300 -6.1336 68.3083  
7.1630 -4.7494 75.0728  
7.1960 -3.2118 66.2247  
7.2290 -1.5140 71.0170  
7.2620 0.3321 74.5597  
7.2970 2.2077 42.9330  
7.3300 3.8746 -80.0835  
7.3630 5.4577 30.9727  
7.3960 7.4193 158.3974  
7.4290 8.7726 -101.9687  
7.4630 9.9159 6.5352  
7.5000 10.9976 50.2935  
7.5290 12.0798 75.5255  
7.5620 12.5411 -117.1056  
7.5970 12.7254 -8.8607  
7.6290 12.8072 14.9413  
7.6630 13.4849 97.5326  
7.6960 13.4341 -189.7935  
7.7290 12.8457 -4.5270  
7.7630 12.6644 20.7843  
7.7960 12.3442 -35.3481  
7.8300 11.5615 -81.3160  
7.8660 10.3170 -67.4065  
7.8960 9.2235 -78.5190  
7.9290 7.9146 -74.6677  
7.9630 6.2702 -84.6155  
7.9960 4.1175 -53.5340  
8.0300 2.3877 -59.8200  
8.0620 0.5878 -26.5924  
8.0960 -1.2142 20.1730  
8.1300 -3.0018 -30.0770  
8.1510 -4.5920 -37.6426  
8.1970 -6.0138 -16.1612  
8.2290 -7.2412 -12.8426  
8.2630 -8.3465 -36.5487  
8.2960 -9.4029 -72.3717  
8.3300 -9.9103 109.5175  
8.3630 -10.1824 9.6452  
8.3960 -10.3045 19.7145  
8.4300 -10.4023 27.2725  
8.4630 -10.3001 29.6571  
8.4960 -9.9982 36.5279  
8.5300 -9.6774 -16.2902  
8.5630 -9.1552 48.5769  
8.5960 -8.3314 53.7385  
8.6340 -6.9870 74.1390  
8.6620 -5.7694 87.7039  
8.6960 -4.3501 68.6901  
8.7300 -2.7760 64.6707  
8.7630 -0.9939 91.1402  
8.7960 0.8529 49.2471  
8.8300 2.6596 23.6623  
8.8630 4.5769 16.7309  
8.8960 6.6904 108.0044  
8.9300 8.5404 -25.3119  
8.9620 9.8241 -88.9327  
8.9810 10.9088 24.5326  
9.0300 12.2872 107.5824  
9.0620 13.5858 43.7947  
9.0970 13.9228 -188.8146  
9.1300 14.0505 -14.1999  
9.1630 14.2084 33.5503  
9.1970 14.5703 76.2531  
9.2300 13.9497 -189.7402  
9.2630 13.2940 -36.6958  
9.2960 13.0927 51.4348  
9.3330 12.6518 -52.1633  
9.3630 11.4500 -77.8735  
9.3960 9.8755 -70.5045  
9.4300 8.7164 -72.1815  
9.4630 7.3719 -70.3783  
9.4970 5.6436 -80.3417  
9.5300 3.4683 -56.8626  
9.5630 1.7639 -47.0492  
9.5970 -0.0122 -56.7252  
9.6300 -1.7977 48.6103  
9.6630 -3.4880 -29.6427  
9.6960 -5.0375 -28.1136  
9.7300 -6.4100 -16.4081  
9.7660 -7.5782 -11.4060  
9.7960 -8.2111 101.0313  
9.8300 -8.8776 -90.2398  
9.8630 -9.3343 6.7450  
9.8970 -9.5852 14.8324  
9.9300 -9.5690 22.5151  
9.9630 -9.6340 23.9704  
9.9960 -9.4898 33.7863  
10.0300 -9.3102 -16.9008  
10.0630 -8.9131 49.0417  
10.0960 -8.3443 39.5410  
10.1290 -7.8616 65.7822  
10.1620 -6.8128 78.5773  
10.1970 -5.5406 70.1712  
10.2300 -4.0850 70.8643  
10.2630 -2.4722 70.1608  
10.2970 -0.6489 85.1555  
10.3300 1.1420 23.9951  
10.3630 2.8509 -42.2681  
10.3970 4.5243 37.1387  
10.4300 6.6483 176.0967  
10.4620 8.4463 -34.0209  
10.4960 9.6941 -85.5758  
10.5290 10.7336 11.3059  
10.5630 11.1943 -101.4503  
10.5830 12.2213 398.9602  
10.6300 12.4937 -98.9904  
10.6640 12.6560 -9.0390  
10.6960 13.2965 105.8167  
10.7300 13.2933 -152.1892  
10.7620 12.5969 -35.0207  
10.7970 12.1045 27.1826  
10.8300 11.8492 -16.3199  
10.8640 11.3301 -66.6183  
10.8970 10.9363 -66.5459  
10.9300 9.5131 -70.1580  
10.9630 8.3086 -74.6968  
10.9960 6.8891 -74.4639  
11.0290 4.8851 -74.5345  
11.0620 3.2709 -38.6563  
11.0790 1.5461 -131.0017  
11.1300 -0.1744 19.5034  
11.1630 -1.9524 -33.7565  
11.1970 -3.6016 -28.7504  
11.2300 -5.1056 -22.5028  
11.2630 -6.4245 -14.0898  
11.2960 -7.5287 -9.6338  
11.3630 -8.3871 0.0000  
11.4000 -8.9771 6.0768  
11.4290 -9.3838 19.2426  
11.4630 -9.4934 21.8410  
11.4970 -9.6141 26.0162  
11.5300 -9.5027 36.5736  
11.5630 -9.1732 36.4792  
11.5960 -8.7501 5.8480  
11.6300 -8.1483 38.8845  
11.6630 -7.2762 72.2812  
11.6970 -6.1583 72.2851  
11.7290 -4.8301 72.7535  
11.7450 -3.3244 145.8058  
11.7830 -1.6727 57.9882  
11.8290 0.1182 49.4571  
11.8640 1.9110 35.0481  
11.8970 3.3927 -57.7901  
11.9290 4.9666 34.8202  
11.9630 7.0331 183.7885  
11.9960 8.4465 -125.6408  
12.0300 9.6215 2.1911  
12.0630 10.7860 67.3339  
12.1300 11.5323 -27.5939  
12.1630 12.0178 -12.2268  
12.1960 12.2197 -17.0189  
12.2290 12.7628 140.5471  
12.2630 12.8700 -184.2678  
12.2960 12.7446 -36.7539  
12.3290 12.0404 13.9803  
12.3450 11.7187 -20.0538  
12.3970 11.1679 -42.6246  
12.4300 10.1802 -65.0654  
12.4620 9.1184 -80.9239  
12.4790 7.8780 -128.8512  
12.5300 6.4071 -56.1888  
12.5660 4.3067 -46.0334  
12.5960 2.5900 -80.9278  
12.6290 0.8826 -33.9588  
12.6630 -0.8708 0.0633  
12.6970 -2.6215 -8.6544  
12.7250 -4.2297 -28.2509  
12.7460 -5.7116 -42.1217  
12.7970 -6.9669 -6.3466  
12.8300 -8.0349 -9.6111  
12.8630 -9.7109 -271.0809  
12.8960 -10.3080 276.6999  
12.9310 -10.6306 9.0833  
12.9630 -10.7668 23.2382  
12.9960 -10.8289 22.4849  
13.0300 -10.7638 28.7708  
13.0630 -10.4991 36.5427  
13.0960 -10.0886 17.3655  
13.1290 -9.5852 18.3128  
13.1630 -8.8981 44.7198  
13.2000 -7.0583 69.7692  
13.2300 -5.8857 81.9794  
13.2640 -4.4970 72.8853  
13.2960 -2.9504 72.5926  
13.3290 -1.2601 66.0321  
13.3640 0.5776 70.0660  
13.3960 2.3769 25.7070  
13.4300 3.9218 -58.0124  
13.4630 5.5084 30.9814  
13.4950 7.4622 162.2699  
13.5120 8.7912 -215.7250  
13.5630 9.9208 9.1364  
13.5960 10.9933 57.7807  
13.6120 11.9722 86.6857  
13.6630 12.4196 -61.4900  
13.6960 12.5843 -11.3620  
13.7300 12.7239 16.8178  
13.7630 13.3782 96.2169  
13.7790 13.3088 -388.4755  
13.8300 12.6125 -21.0784  
13.8450 12.4070 82.6059  
13.8960 12.0413 -22.2523  
13.9120 11.2403 -152.9414  
13.9620 10.0677 -46.5708  
13.9790 8.9628 -144.6149  
14.0300 7.6635 -45.4753  
14.0630 6.0204 -86.8846  
14.0970 3.8818 -52.3265  
14.1300 2.1998 -49.9841  
14.1450 0.4723 -101.9738  
14.1970 -1.2810 18.8486  
14.2300 -3.0231 -30.9885  
14.2450 -4.5903 -46.5122  
14.2970 -5.9896 -12.5041  
14.3300 -7.1936 -15.2819  
14.3480 -8.1173 26.8135  
14.3960 -9.0886 -69.6328  
14.4120 -9.5867 184.5235  
14.4630 -9.8787 8.0718  
14.4970 -9.9527 19.1239  
14.5300 -10.0320 28.0845  
14.5450 -9.9112 65.2780  
14.5970 -9.6001 23.1720  
14.6300 -9.2700 -13.9473  
14.6450 -8.7002 126.2380  
14.6960 -8.0358 27.9900  
14.7150 -6.7505 150.8783  
14.7650 -5.5280 46.5077  
14.7920 -4.1136 86.3022  
14.8120 -2.5327 115.7552  
14.8640 -0.7414 58.2805  
14.9000 1.1045 42.3564  
14.9300 2.8188 -3.6887  
14.9450 4.7920 141.9623  
14.9970 6.8375 50.2946  
15.0300 8.6334 -32.3478  
15.0630 9.8805 -79.4413  
15.0790 10.9417 29.1222  
15.1300 11.8907 23.6946  
15.1630 13.2834 204.6205  
15.1790 13.5834 -493.5588  
15.2300 13.6934 -7.3492  
15.2460 14.1375 201.8665  
15.2960 14.4015 6.5829  
15.3290 13.7826 -188.3021  
15.3450 13.1744 -60.0545  
15.3970 13.0484 42.3296  
15.4300 12.6030 -82.6784  
15.4450 11.8170 -146.5629  
15.4970 10.1241 -44.5198  
15.5300 8.9744 -74.7208  
15.5450 7.6163 -163.9293  
15.5970 5.6756 -49.9070  
15.6300 3.5961 -32.1243  
15.6630 1.9010 -71.7875  
15.6790 0.3232 13.2012  
15.7300 -1.5284 -10.5047  
15.7640 -3.1956 -26.0461  
15.7970 -4.7265 -25.2922  
15.8120 -6.0816 -37.1705  
15.8640 -7.2220 -6.1282  
15.8970 -8.3492 -70.5028  
15.9150 -8.9973 121.9898  
15.9630 -9.5078 6.5829  
15.9960 -9.7401 12.4958  
16.0120 -9.9193 46.4121  
16.0630 -9.9523 18.1587  
16.0960 -9.7988 29.6945  
16.1120 -9.5979 -22.5971  
16.1640 -9.2000 27.1812  
16.1970 -8.6318 41.9422  
16.2290 -7.6002 72.1124  
16.2460 -6.5425 144.4822  
16.2960 -5.2700 49.2916  
16.3120 -3.8192 137.1513  
16.3640 -2.2112 44.5270  
16.3960 -0.4200 86.1835  
16.4120 1.4219 92.9679  
16.4630 3.0999 -39.2437  
16.4790 5.0076 231.9108  
16.5310 7.0528 53.0643  
16.5630 8.6994 -52.4367  
16.5790 9.9106 -118.6590  
16.6370 10.9126 6.4304  
16.6510 11.8421 104.9117  
16.6970 12.4233 -25.3566  
16.7300 12.6863 -12.8922  
16.7460 12.7443 -35.1138  
16.7970 13.4793 93.5043  
16.8300 13.2130 -190.9789  
16.8450 12.5588 -74.6899  
16.8970 12.2211 28.6083  
16.9330 11.9751 -27.2659  
16.9460 11.4653 -174.2326  
16.9970 10.5754 -45.7447  
17.0300 9.5852 -65.7120  
17.0450 8.3901 -164.9833  
17.0970 7.0055 -47.2559  
17.1300 4.8980 -74.5345  
17.1620 3.2289 -59.9556  
17.1790 1.5435 -75.4567  
17.2300 -0.2212 13.5947  
17.2460 -1.9900 -63.8139  
17.2970 -3.6207 -17.3540  
17.3300 -5.1016 -25.3056  
17.3450 -6.4215 -37.1917  
17.3970 -7.5164 -4.3316  
17.4630 -8.3656 0.0000  
17.4970 -8.9370 9.3615  
17.5300 -9.2608 16.9005  
17.5450 -9.3821 49.4798  
17.5970 -9.4842 17.0203  
17.6300 -9.3635 36.5580  
17.6480 -9.0878 36.9574  
17.6970 -8.6835 9.2227  
17.7130 -8.0553 104.9899  
17.7640 -7.1652 46.9555  
17.7790 -6.0431 154.6184  
17.8300 -4.7198 45.6987  
17.8630 -3.2190 70.7059  
17.8960 -1.5745 66.0138  
17.9120 0.2438 163.9561  
17.9630 2.0863 28.3912  
17.9990 3.6539 -57.8756  
18.0120 5.2993 94.6056  
18.0640 7.3394 108.2255  
18.0960 8.8122 -102.4897  
18.1120 9.9644 -55.3250  
18.1630 11.0712 36.7765  
18.2300 11.9667 3.2810  
18.2630 12.4316 -64.4287  
18.2790 12.6198 -9.0302  
18.3300 13.0806 81.8323  
18.3480 13.1186 -350.6020  
18.3970 12.9355 -20.0210  
18.4300 12.1355 -16.4214  
18.4630 11.8101 44.4693  
18.4790 11.2733 -187.4936  
18.5130 10.3159 -68.5485  
18.5640 9.1050 -45.4067  
18.5960 7.8738 -72.7460  
18.6120 6.3979 -162.0019  
18.6630 4.2859 -42.8941  
18.6960 2.6711 -40.5750  
18.7300 1.0534 -29.6800  
18.7460 -0.5289 -11.8174  
18.7970 -2.3440 -16.8653  
18.8300 -3.9383 -23.9868  
18.8480 -5.3738 -41.2552  
18.8970 -6.6189 -8.4155  
18.9120 -7.8330 -134.4965  
18.9970 -8.5954 22.6454  
19.0300 -9.1071 9.6680  
19.0450 -9.4199 43.3475  
19.0970 -9.5577 14.2619  
19.1300 -9.5786 29.6571  
19.1630 -9.3931 36.5279  
19.1790 -9.1236 2.9511  
19.2300 -8.6647 22.5776  
19.2630 -8.0196 43.9452  
19.2790 -6.9009 169.8805  
19.3300 -5.7292 48.1500  
19.3630 -4.3696 66.5716  
19.3960 -2.8436 70.1521  
19.4120 -1.1718 137.4428  
19.4630 0.6509 48.7954  
19.4790 2.2183 -84.2963  
19.5300 3.7879 1.3706  
19.5450 5.3539 74.3451  
19.6000 7.2752 90.9732  
19.6130 8.6067 -244.6163  
19.6630 9.6907 -0.3745  
19.6790 10.5735 11.4687  
19.7300 12.5698 263.7420  
19.7460 13.0894 -785.5023  
19.7970 13.1422 -42.7225  
19.8300 13.4469 35.4307  
19.8450 13.9621 145.0170  
19.8960 13.8034 -110.2707  
19.9120 13.0273 -73.1392  
19.9630 12.5160 -10.4276  
19.9790 12.0952 55.3367  
20.0310 11.3402 -60.7263  
20.0640 9.0214 -66.2865  
20.0790 7.7138 -163.7144  
20.1290 6.3921 -46.4043  
20.1460 4.6664 -168.8532  
20.1960 2.5449 -35.6565  
20.2120 0.9295 -35.2080  
20.2630 -0.8097 -47.2035  
20.2790 -2.3576 86.3352  
20.3300 -4.0964 -20.0883  
20.3460 -5.5983 -49.2847  
20.3970 -6.9373 -10.9534  
20.4190 -8.0717 -18.5927  
20.4630 -8.9702 0.8693  
20.4790 -9.7184 -85.4804  
20.5300 -10.1554 26.0673  
20.5630 -10.4952 12.3951  
20.5790 -10.5198 46.5382  
20.6300 -10.5989 16.3856  
20.6630 -10.4872 26.8002  
20.6790 -10.1759 75.4424  
20.7300 -9.8846 -14.8820  
20.7460 -9.3113 150.7074  
20.7970 -8.6435 19.2615  
20.8290 -7.5673 84.9185  
20.8460 -6.3919 136.5520  
20.8970 -5.0392 42.7773  
20.9120 -3.5285 154.9833  
20.9630 -1.8130 56.5472  
20.9790 -0.0797 66.3712  
21.0300 1.5802 9.2753  
21.0460 3.4472 82.0165  
21.0970 5.4134 66.7349  
21.1300 7.3093 8.4632  
21.1450 8.6145 -212.6229  
21.1970 9.8596 33.0685  
21.2120 10.8745 -7.9680  
21.2640 12.0006 66.0841  
21.2790 12.3382 -333.4024  
21.3310 12.5230 -8.9731  
21.3630 12.9611 93.9636  
21.3790 13.2518 -10.1458  
21.4310 12.6711 -102.1077  
21.4630 11.9747 -27.4425  
21.4790 11.7368 87.1828  
21.5300 11.0795 -48.5058  
21.5450 10.2149 -146.1653  
21.5970 8.7888 -41.9041  
21.6120 7.6163 -164.2843  
21.6630 6.2450 -48.1452  
21.6790 4.3131 -162.4207  
21.7300 2.2777 -23.4765  
21.7460 0.5805 -120.4869  
21.7970 -0.9196 21.4291  
21.8120 -2.6707 -74.3395  
21.8630 -4.2720 -19.1470  
21.8790 -5.7378 -52.2872  
21.9310 -7.0416 -10.7493  
21.9460 -8.1305 -21.0310  
22.0310 -8.9773 -0.4077  
22.0630 -9.5422 6.8858  
22.0790 -9.9372 31.4080  
22.1300 -10.0649 14.5916  
22.1460 -10.2136 55.1703  
22.1970 -10.1486 20.0635  
22.2120 -9.8888 64.6473  
22.2640 -9.5194 5.0151  
22.2790 -9.0066 58.3011  
22.3300 -8.2316 45.2370  
22.3460 -7.2073 153.5963  
22.3960 -5.9864 43.7338  
22.4120 -4.5829 145.5615  
22.4640 -3.0340 42.2540  
22.4790 -1.3004 182.0011  
22.5300 0.4794 29.1379  
22.5460 2.0009 -100.8518  
22.5970 3.5635 13.1648  
22.6120 5.5575 345.9100  
22.6630 7.2532 -13.2527  
22.6790 8.4751 -142.5468  
22.7300 9.6694 37.4659  
22.7630 10.7079 23.3837  
22.7800 11.3083 -128.4902  
22.8130 11.6046 -9.4351  
22.8630 11.6962 -11.1967  
22.8790 12.3677 261.5387  
22.9180 12.3909 -149.0126  
22.9460 11.7877 -38.4313  
22.9970 11.3708 23.3043  
23.0120 11.1316 -33.6366  
23.0630 10.4018 -58.7440  
23.0790 9.3894 -128.3416  
23.1130 8.3500 -72.1657  
23.1630 7.1092 -46.5414  
23.1790 5.6925 -144.8384  
23.2290 3.6130 -48.8748  
23.2450 1.9836 -81.9197  
23.2970 0.3539 -20.7578  
23.3120 -1.4295 -23.2131  
23.3630 -3.2015 -7.6458  
23.3790 -4.7528 -49.3639  
23.4300 -6.1732 -14.5874  
23.4460 -7.4042 -34.9458  
23.4960 -8.4246 -4.4441  
23.5630 -9.2133 0.0000  
23.5790 -9.7261 19.7165  
23.6300 -10.0519 10.9600  
23.6450 -10.1954 49.5830  
23.6970 -10.2158 16.9845  
23.7120 -10.0763 80.5624  
23.7640 -9.7374 23.1746  
23.7790 -9.3719 -31.8844  
23.8310 -8.7758 33.5904  
23.8630 -7.9461 66.0516  
23.8790 -6.8707 153.5457  
23.9310 -5.6080 42.0897  
23.9460 -4.1682 155.3331  
23.9970 -2.5850 42.7027  
24.0120 -0.8287 174.3079  
24.0630 0.8634 11.0794  
24.0790 2.3080 -79.2788  
24.1310 3.9024 19.5909  
24.1460 5.8886 377.7310  
24.1970 7.4420 -43.4379  
24.2120 8.6036 -97.4211  
24.2460 9.7229 51.9264  
24.3130 10.6238 2.1970  
24.3460 11.1121 -59.0530  
24.3800 11.3305 -2.5152  
24.4300 11.8493 71.3989  
24.4460 11.9278 -354.4143  
24.4970 11.7969 -21.1116  
24.5120 11.2152 77.2710  
24.5640 10.7944 -11.6812  
24.5790 10.2202 -199.6440  
24.6310 9.2369 -44.7220  
24.6480 8.0070 -136.3497  
24.6850 6.7394 -62.8952  
24.7120 5.2213 -95.9266  
24.7630 3.1407 -40.2892  
24.7790 1.4237 -127.1592  
24.8310 -0.1273 11.2062  
24.8630 -1.8350 -12.7428  
24.8790 -3.5843 -63.9836  
24.9300 -5.1275 -18.2983  
24.9460 -6.4982 -37.5306  
24.9970 -7.6930 -10.9702  
25.0120 -8.8519 -131.1459  
25.0460 -10.0135 -77.0051  
25.0970 -10.5055 91.0319  
25.1120 -10.7530 27.2692  
25.1640 -11.0030 10.7428  
25.1790 -11.1286 55.7416  
25.2310 -11.0541 18.7872  
25.2460 -10.7749 74.3061  
25.2970 -10.4560 -4.0134  
25.3120 -9.9495 87.8186  
25.3620 -9.1301 23.2385  
25.3790 -7.7771 159.8264  
25.4340 -6.6565 42.1749  
25.4470 -5.3439 179.0639  
25.4970 -3.8694 43.5739  
25.5120 -2.2591 146.2331  
25.5630 -0.5155 45.3040  
25.5790 1.1193 1.6537  
25.6300 2.6956 -15.4885  
25.6460 4.2421 63.7020  
25.6970 6.2431 111.9028  
25.7120 7.5892 -255.4407  
25.7630 8.7055 0.4160  
25.7810 9.5897 0.3367  
25.8300 11.0415 160.3218  
25.8450 11.6718 -401.4503  
25.8970 11.8555 -41.4527  
25.9130 12.2676 144.4441  
25.9640 12.8528 18.4365  
25.9790 12.7737 -374.8948  
26.0300 12.0162 -21.1285  
26.0450 11.7665 83.1086  
26.0970 11.3149 -38.4014  
26.1120 10.6624 -133.6166  
26.1640 8.9919 -44.6857  
26.1790 7.7053 -145.5082  
26.2310 6.3878 -47.3916  
26.2460 4.5666 -181.7570  
26.2970 2.4753 -34.5054  
26.3120 0.9440 -1.6143  
26.3640 -0.5964 -22.4883  
26.3970 -2.3035 -12.6906  
26.4120 -3.9133 -68.3003  
26.4640 -5.3922 -13.3759  
26.4790 -6.7039 -43.4421  
26.5300 -7.8290 -6.2001  
26.5460 -8.6758 19.8791  
26.5800 -9.3554 -30.9969  
26.6120 -9.7762 25.8947  
26.6640 -10.1535 7.8793  
26.6790 -10.3581 37.2195  
26.7130 -10.4280 27.3056  
26.7640 -10.2976 19.1688  
26.7970 -10.1500 -15.8318  
26.8120 -9.6890 165.4232  
26.8640 -9.1768 3.7691  
26.8790 -8.5327 109.1518  
26.9300 -7.5115 53.2847  
26.9460 -6.3547 136.5572  
26.9970 -5.0059 45.6507  
27.0150 -3.4935 121.9789  
27.0630 -1.7735 62.5891  
27.0790 -0.0164 84.2479  
27.1310 1.8093 3.1519  
27.1450 3.4766 64.0866  
27.1970 5.0302 -18.0794  
27.2120 6.8941 315.9146  
27.2630 8.1462 -66.6479  
27.2790 9.3732 120.7919  
27.3300 10.1480 -42.9875  
27.3460 11.1480 277.9201  
27.3800 11.4625 -113.2582  
27.4310 11.5863 -10.9737  
27.4450 12.0298 240.1417  
27.4960 11.9034 -94.1651  
27.5120 11.7685 -64.0154  
27.5630 11.1427 -3.3471  
27.5790 10.9176 37.9947  
27.6310 10.2647 -45.1058  
27.6460 9.6119 -146.1327  
27.6970 8.2827 -45.4146  
27.7120 7.1058 -155.2564  
27.7640 5.7521 -44.7385  
27.7820 3.8401 -123.4672  
27.8310 2.2040 -41.6727  
27.8450 0.6546 -11.2857  
27.8960 -0.9069 -5.7233  
27.9120 -2.6314 -63.8926  
27.9630 -4.2239 -20.0986  
27.9790 -5.6667 -43.4376  
28.0300 -6.9338 -10.9567  
28.0460 -7.9996 -19.7397  
28.1130 -8.8824 -7.4241  
28.1460 -9.4804 18.9927  
28.1970 -9.8182 10.9634  
28.2120 -10.0658 49.5972  
28.2630 -10.2053 15.4867  
28.2790 -10.1216 75.5627  
28.3300 -9.8149 23.6384  
28.3450 -9.4712 -21.6512  
28.3980 -8.9677 19.5935  
28.4120 -8.1872 175.3636  
28.4640 -7.1259 44.4141  
28.4790 -5.9091 145.5173  
28.5300 -4.5011 48.4325  
28.5480 -2.9635 113.3768  
28.5970 -1.2299 56.1082  
28.6120 0.5176 89.8702  
28.6640 1.9832 -31.0150  
28.6790 3.5529 47.7239  
28.7130 5.5511 156.5567  
28.7640 7.2310 -14.2642  
28.7790 8.4286 -167.5776  
28.8300 9.6095 39.5384  
28.8970 10.3952 -22.1316  
28.9130 10.9477 -18.1714  
28.9630 11.1694 -11.1896  
28.9790 11.6652 255.6645  
29.0310 11.7600 -108.1603  
29.0460 11.6755 -71.7519  
29.0970 11.0026 -11.0127  
29.1120 10.5088 70.9324  
29.1630 9.9898 -54.2354  
29.1790 9.0409 -142.6084  
29.2290 8.0223 -43.6052  
29.2460 6.8001 -136.8863  
29.2790 5.4021 -70.2247  
29.3300 3.3487 -48.3038  
29.3450 1.7412 -77.6463  
29.3960 0.0582 -35.9206  
29.4120 -1.4590 68.5719  
29.4630 -3.2034 -23.7059  
29.4790 -4.7552 -52.4575  
29.5310 -6.1482 -13.3550  
29.5480 -7.3792 -32.8902  
29.5960 -8.3996 -4.6292  
29.6640 -9.1883 0.0000  
29.6790 -9.6898 27.2464  
29.7300 -10.0190 10.9567  
29.7460 -10.0906 46.4708  
29.7970 -10.1742 19.1470  
29.8120 -10.0255 74.3395  
29.8470 -9.6631 37.0687  
29.8800 -9.2720 -12.3718  
29.9130 -8.7089 35.1946  
29.9640 -7.8528 53.0966  
29.9790 -6.7774 146.1736  
30.0300 -5.4967 48.2855  
30.0460 -4.0539 136.1993  
30.0970 -2.4800 40.2892  
30.1120 -0.7996 136.1037  
30.1640 0.8443 14.4051  
30.1790 2.2704 -58.6273  
30.2140 3.8392 29.1064  
30.2640 5.8585 113.3193  
30.2790 7.4352 -114.5356  
30.3130 8.5968 -57.6064  
30.3640 9.6877 34.4343  
30.4300 10.5770 2.4589  
30.4460 11.0560 -127.9863  
30.4800 11.4892 46.5751  
30.5130 12.0329 56.1881  
30.5640 12.0928 -112.0965  
30.5790 11.9393 -74.3737  
30.6300 11.2940 14.6541  
30.6460 10.7588 -38.5299  
30.6970 10.1709 -48.7400  
30.7120 9.1759 -154.3457  
30.7640 7.9455 -42.1404  
30.7790 6.6735 -164.2703  
30.8120 4.9827 -78.9236  
30.8640 2.9045 -38.8262  
30.8790 1.2838 -76.1907  
30.9300 -0.4014 -34.5237  
30.9460 -2.0362 78.2818  
30.9970 -3.7116 -20.0684  
31.0120 -5.2174 -52.6377  
31.0480 -6.5661 -20.6715  
31.0970 -7.7367 -8.3617  
31.1120 -8.8601 -132.8721  
31.1640 -9.9565 -44.8797  
31.1790 -10.4276 282.2682  
31.2130 -10.7434 12.0406  
31.2640 -10.8181 12.7733  
31.2790 -10.9344 55.7109  
31.3300 -10.8599 17.3413  
31.3460 -10.5858 75.4424  
31.3970 -10.1628 14.5930  
31.4120 -9.6337 43.4892  
31.4640 -8.8223 15.9404  
31.4790 -7.5058 181.1408  
31.5300 -6.3944 42.8105  
31.5460 -5.0775 154.0377  
31.5960 -3.6063 43.8912  
31.6120 -2.0008 136.1260  
31.6640 -0.2591 43.2226  
31.6790 1.3617 -0.2030  
31.7140 2.8246 -23.8536  
31.7630 4.3241 20.8006  
31.7790 6.3167 359.9975  
31.8300 7.6451 -76.9852  
31.8460 8.7520 -1.8706  
31.8800 9.5921 -6.0282  
31.9130 10.8989 207.9576  
31.9470 11.5152 -139.0290  
31.9800 11.6915 -65.2503  
32.0310 12.1720 59.6068  
32.0460 12.2880 -298.6854  
32.0800 12.1996 -30.1402  
32.1300 11.4182 -23.4204  
32.1450 11.2368 138.3077  
32.1970 10.8135 -47.0879  
32.2120 10.1609 -166.5403  
32.2630 8.6209 -39.4407  
32.2790 7.3346 -136.9202  
32.3300 6.0178 -48.1711  
32.3480 4.1237 -151.8884  
32.3790 2.4994 -57.5105  
32.4140 0.8412 -38.9551  
32.4470 -0.6777 6.7360  
32.4790 -2.4396 -11.1001  
32.5310 -4.0497 -17.9041  
32.5460 -5.4983 -58.8025  
32.5800 -6.8015 -16.4252  
32.6310 -7.9265 -8.0271  
32.6460 -8.8963 -60.2682  
32.6970 -9.7438 -29.6184  
32.7120 -10.1623 167.1577  
32.7630 -10.4034 8.0338  
32.7790 -10.5923 46.5109  
32.8300 -10.6668 15.4817  
32.8460 -10.5365 69.7750  
32.8800 -10.2067 32.7468  
32.9300 -9.7366 16.8899  
32.9460 -9.2381 -7.8899  
32.9970 -8.4446 40.1430  
33.0120 -7.2555 162.9933  
33.0460 -6.0712 72.3145  
33.0970 -4.7099 42.7658  
33.1120 -3.2177 136.7708  
33.1630 -1.5024 59.2487  
33.1790 0.2135 70.1434  
33.2130 1.8761 17.0815  
33.2460 3.3289 -38.0039  
33.2970 4.8871 18.1796  
33.3120 6.8065 377.3868  
33.3460 8.0494 -127.0896  
33.3800 9.2577 62.1327  
33.4300 10.1980 -9.9639  
33.4460 11.1468 133.5103  
33.4970 11.4520 -66.9571  
33.5120 11.5983 -31.0871  
33.5470 12.0951 116.7340  
33.5960 12.1647 -112.7781  
33.6120 12.0298 -69.8264  
33.6470 11.2117 -33.4755  
33.6970 10.8913 13.1104  
33.7120 10.2159 -95.7619  
33.7470 9.3849 -58.7072  
33.7800 8.1087 -70.1861  
33.8130 6.9276 -74.6700  
33.8470 5.5749 -64.1660  
33.8800 3.5537 -78.7494  
33.9120 1.9404 -45.2512  
33.9640 0.2247 -41.1721  
33.9820 -1.2274 81.3314  
34.0130 -2.8473 -32.9768  
34.0470 -4.4167 -27.4036  
34.0800 -5.8595 -23.8881  
34.1130 -7.1266 -16.9331  
34.1470 -8.1696 -6.5590  
34.1800 -9.0932 -29.9556  
34.2130 -9.6674 27.1425  
34.2460 -10.0652 9.5708  
34.2800 -10.1930 16.4351  
34.3130 -10.4022 19.7177  
34.3470 -10.4208 25.9763  
34.3800 -10.2347 33.8062  
34.4130 -9.8492 36.5248  
34.4470 -9.4592 -15.0968  
34.4800 -8.8696 53.7024  
34.5130 -7.9870 58.8657  
34.5500 -6.9755 59.0337  
34.5790 -5.7500 84.6779  
34.6130 -4.3606 64.6223  
34.6640 -2.8186 42.7036  
34.6790 -1.1036 174.1467  
34.7300 0.6346 26.4324  
34.7460 2.0870 -103.2656  
34.7800 3.6570 19.4904  
34.8130 5.4511 121.5952  
34.8460 7.1876 41.3996  
34.8800 8.3852 -94.2465  
34.9130 9.5347 59.8571  
34.9800 10.4558 -1.2985  
35.0130 10.9853 -52.6880  
35.0470 11.3651 32.7951  
35.0790 11.8181 65.0327  
35.1130 11.8982 -158.3025  
35.1470 11.8096 -30.0953  
35.1800 11.2735 -14.0259  
35.2130 10.6452 13.4530  
35.2470 10.1170 -64.8074  
35.2800 9.1723 -66.3557  
35.3130 8.0049 -70.0981  
35.3470 6.7783 -68.5586  
35.3800 5.2222 -66.0762  
35.4130 3.2116 -74.6514  
35.4630 1.6102 -25.8192  
35.4790 -0.0760 -116.9167  
35.5130 -1.5897 37.1216  
35.5460 -3.2594 -33.8142  
35.5800 -4.7878 -23.2377  
35.6130 -6.1715 -22.5377  
35.6470 -7.3705 -13.6979  
35.6800 -8.3622 -7.8357  
35.7460 -9.1324 0.5390  
35.7800 -9.6152 12.0406  
35.8130 -9.9131 16.9229  
35.8470 -9.9497 21.8564  
35.8810 -10.0240 25.9975  
35.9130 -9.8753 34.8388  
35.9470 -9.7095 -18.2186  
35.9800 -9.3203 45.1799  
36.0130 -8.7622 37.0545  
36.0460 -7.9202 78.1944  
36.0810 -6.8361 70.1831  
36.1130 -5.5740 68.4290  
36.1460 -4.1347 70.6238  
36.1800 -2.5656 60.0175  
36.2130 -0.8402 74.1575  
36.2470 0.8333 17.5069  
36.2800 2.4418 -38.4382  
36.3130 4.0031 30.8705  
36.3460 5.9641 158.1663  
36.3800 7.5889 -23.0085  
36.4130 8.7139 -76.9914  
36.4460 9.7180 29.7250  
36.5140 10.6459 23.0625  
36.5470 11.1018 -81.1802  
36.5800 11.4269 34.4899  
36.6130 11.8560 49.5946  
36.6470 11.9067 -148.6405  
36.6800 11.7477 -32.6464  
36.7130 10.9809 -26.0411  
36.7470 10.4202 37.6154  
36.7800 9.8141 -90.7132  
36.8130 8.8913 -66.2971  
36.8470 7.5934 -64.1660  
36.8800 6.3313 -70.3450  
36.9130 4.6821 -82.8020  
36.9460 2.6774 -58.1331  
36.9800 1.0562 -35.8650  
37.0130 -0.4529 1.3287  
37.0460 -1.9215 -13.7533  
37.0830 -3.6203 -27.6618  
37.1130 -5.1080 -29.4164  
37.1460 -6.4421 -19.7347  
37.1970 -7.5952 -7.3089  
37.2120 -8.7052 -125.9479  
37.2470 -9.6439 -29.1330  
37.2800 -10.0942 89.8387  
37.3130 -10.3909 9.6046  
37.3480 -10.6269 18.6070  
37.3800 -10.7432 23.2097  
37.4160 -10.6595 27.1495  
37.4470 -10.3668 38.9296  
37.4800 -10.0652 -17.0295  
37.5130 -9.5780 44.9266  
37.5470 -8.7687 39.1936  
37.5800 -7.5977 78.6878  
37.6140 -6.4776 72.2334  
37.6470 -5.1700 66.4244  
37.6790 -3.6944 72.8725  
37.7140 -2.0889 58.3045  
37.7480 -0.4038 52.1661  
37.7810 1.2835 37.2637  
37.8130 2.8678 -49.8029  
37.8460 4.4056 30.8858  
37.8800 6.3722 165.2986  
37.9130 7.7170 -109.7471  
37.9460 8.7968 -5.9004  
37.9800 9.7025 13.2859  
38.0130 10.9358 169.9531  
38.0500 11.3648 -162.2407  
38.0790 11.5698 -16.0795  
38.1120 12.0936 133.8831  
38.1470 12.2003 -164.7235  
38.1800 12.1026 -31.0456  
38.2130 11.3388 -31.5576  
38.2460 11.0482 33.6539  
38.2790 10.5815 -59.2514  
38.3130 9.8663 -59.8106  
38.3470 8.3723 -64.0837  
38.3800 7.2459 -70.5229  
38.4160 5.9342 -64.4370  
38.4460 3.9209 -86.5822  
38.4800 2.4739 -3.0242  
38.5130 0.8332 -89.7412  
38.5470 -0.6821 6.2551  
38.5790 -2.3513 -13.3613  
38.6130 -3.9273 -30.1249  
38.6470 -5.3844 -24.8381  
38.6800 -6.6739 -15.2354  
38.7130 -7.7531 -6.7820  
38.7460 -8.9093 -93.6490  
38.7790 -9.8962 -27.3812  
38.8130 -10.4733 117.4705  
38.8460 -10.7041 15.2473  
38.8800 -10.8909 19.1432  
38.9130 -10.9468 26.7563  
38.9460 -10.7979 30.9999  
38.9800 -10.4440 35.4648  
39.0130 -9.9847 16.6785  
39.0460 -9.4912 3.6140  
39.0800 -8.4989 55.7917  
39.1130 -7.1568 78.6374  
39.1460 -5.9818 70.3706  
39.1800 -4.6380 64.4551  
39.2130 -3.1415 66.0036  
39.2460 -1.4476 86.5732  
39.2800 0.2393 28.0124  
39.3130 1.6889 -35.3635  
39.3460 3.1525 20.9486  
39.3800 4.6970 27.2695  
39.4130 6.6178 171.5394  
39.4460 7.8471 -130.9408  
39.4800 8.8812 10.9196  
39.5130 10.0931 120.2637  
39.5460 10.9813 -32.0589  
39.5800 11.2706 -92.1459  
39.6130 11.4274 -11.2991  
39.6470 12.0657 107.3136  
39.6800 12.1166 -157.0413  
39.7130 11.9725 -31.0224  
39.7470 11.2180 -13.0156  
39.7800 10.9550 18.0107  
39.8130 10.4244 -69.8792  
39.8460 9.2684 -69.2303  
39.8800 8.0253 -56.7247  
39.9120 6.8491 -77.0017  
39.9460 5.4921 -64.1572  
39.9800 3.5240 -72.4161  
40.0130 1.8957 -54.0664  
40.0470 0.2294 -41.2950  
40.0800 -1.2771 35.0306  
40.1130 -2.9452 -30.9712  
40.1460 -4.4711 -26.7853  
40.1800 -5.8428 -21.8564  
40.2120 -7.0776 -17.4518  
40.2470 -8.0976 -9.0451  
40.2790 -9.0282 -40.2363  
40.3120 -9.5838 39.0170  
40.3460 -9.9387 6.5708  
40.3790 -10.0973 16.9280  
40.4130 -10.2972 21.8625  
40.4460 -10.3158 23.9578  
40.4800 -10.1437 30.0740  
40.5160 -9.7769 33.4811  
40.5460 -9.2762 25.9928  
40.5800 -8.6966 13.8797  
40.6130 -7.7797 63.2238  
40.6460 -6.7731 66.1836  
40.6800 -5.5701 64.3284  
40.7130 -4.1776 74.3526  
40.7470 -2.6561 59.8151  
40.7790 -0.9505 82.2486  
40.8130 0.7240 20.9179  
40.8460 2.1765 -30.7699  
40.8790 3.6172 20.0810  
40.9130 5.3776 107.9030  
40.9460 7.0769 44.7154  
40.9800 8.2423 -92.8053  
41.0130 9.4237 71.1200  
41.0800 10.5965 35.3380  
41.1130 11.1093 -138.3654  
41.1470 11.5965 69.9090  
41.1800 11.9960 -5.0614  
41.2120 12.0574 -137.3681  
41.2460 11.9503 -30.0811  
41.2790 11.3917 -25.6544  
41.3130 10.6893 1.1302  
41.3460 10.1174 -56.0917  
41.3790 9.1267 -55.7707  
41.4130 7.6815 -64.0385  
41.4460 6.4599 -70.6223  
41.4800 4.7553 -72.1657  
41.5130 2.8482 -66.3818  
41.5460 1.2496 -39.7523  
41.5790 -0.4309 -55.7868  
41.6130 -1.8969 38.1635  
41.6460 -3.4598 -28.1783  
41.6800 -4.9165 -23.2454  
41.7130 -6.2637 -22.5313  
41.7470 -7.4341 -12.0813  
41.7800 -8.3937 -6.7258  
41.8460 -9.1043 0.5529  
41.8800 -9.5734 6.5826  
41.9130 -9.8462 19.7405  
41.9470 -9.8607 21.8503  
41.9800 -9.9071 29.6109  
42.0130 -9.7585 30.9574  
42.0460 -9.4682 18.9507  
42.0790 -9.0032 30.4271  
42.1130 -8.4236 21.6136  
42.1470 -7.5864 69.2404  
42.1800 -6.5345 66.1649  
42.2130 -5.2717 70.6925  
42.2460 -3.8568 65.8327  
42.2800 -2.3108 60.4339  
42.3120 -0.6533 65.3319  
42.3460 0.9425 11.9231  
42.3800 2.3988 -22.6392  
42.4130 3.8565 30.8555  
42.4470 5.7296 143.8127  
42.4800 7.2472 -36.4290  
42.5120 8.3766 -53.0739  
42.5470 9.5762 86.7197  
42.6140 10.2700 -43.0688  
42.6500 10.7210 -10.3607  
42.6800 11.3117 116.2449  
42.7140 11.3784 -142.1920  
42.7460 11.4382 -26.2013  
42.7800 11.2754 -35.5260  
42.8130 10.5887 -10.5993  
42.8460 9.9847 -11.3531  
42.8800 9.3513 -58.6308  
42.9130 8.2186 -59.2983  
42.9470 7.1426 -68.2011  
42.9830 5.8855 -60.6695  
43.0130 3.9926 -95.6563  
43.0460 2.4051 -53.9990  
43.0800 0.7790 -35.9786  
43.1130 -0.8819 -47.1603  
43.1460 -2.3790 39.0125  
43.1800 -3.9318 -27.3626  
43.2130 -5.3641 -23.9340  
43.2470 -6.6659 -19.1432  
43.2800 -7.7676 -9.6273  
43.3130 -8.6674 -5.0207  
43.3490 -9.6066 -90.6535  
43.3790 -10.0340 111.2165  
43.4130 -10.3073 9.3331  
43.4470 -10.3598 19.1487  
43.4800 -10.4715 21.1025  
43.5130 -10.3878 31.0224  
43.5460 -10.1044 36.5624  
43.5790 -9.6527 31.2729  
43.6140 -9.0735 27.3698  
43.6460 -8.4590 5.8295  
43.6790 -7.2465 82.3391  
43.7130 -6.1493 64.2065  
43.7490 -4.8510 64.6783  
43.7800 -3.4000 70.2759  
43.8130 -1.8016 65.7728  
43.8460 -0.1418 49.5916  
43.8800 1.4347 11.0073  
43.9130 2.8409 -20.3065  
43.9460 4.2533 30.8781  
43.9800 6.1979 162.0066  
44.0130 7.5846 -86.7064  
44.0470 8.6687 -24.7995  
44.0790 9.5985 24.5546  
44.1120 10.6785 111.5341  
44.1470 11.0912 -128.6538  
44.1800 11.2936 -14.1217  
44.2130 11.8502 118.6558  
44.2460 11.9475 -159.4846  
44.2790 11.8405 -31.0300  
44.3130 11.0655 -34.4601  
44.3460 10.5973 6.2768  
44.3800 10.0743 -40.9240  
44.4130 9.3023 -51.6504  
44.4460 7.9497 -64.4274  
44.4790 6.8282 -66.3764  
44.5130 5.5215 -68.2107  
44.5460 3.5651 -78.1958  
44.5800 1.9688 -48.9203  
44.6120 0.3325 -44.4611  
44.6470 -1.1160 20.1584  
44.6800 -2.6632 -23.6101  
44.7130 -4.1504 -23.9903  
44.7470 -5.5507 -24.5716  
44.7800 -6.7942 -16.9130  
44.8120 -7.8596 -12.8147  
44.8470 -8.7397 -13.3066  
44.8790 -9.4373 -23.5923  
44.9130 -9.8334 39.7446  
44.9460 -10.0407 14.1088  
44.9800 -10.2441 21.8686  
45.0130 -10.2907 23.9498  
45.0460 -10.1557 30.9926  
45.0800 -9.8260 32.7334  
45.1130 -9.4864 -13.9435  
45.1470 -8.9808 36.7975  
45.1800 -8.2359 58.3497  
45.2130 -7.1711 74.0935  
45.2470 -6.0232 64.1999  
45.2790 -4.6897 72.5153  
45.3130 -3.2118 64.3688  
45.3460 -1.5800 70.5818  
45.3790 -0.0583 -2.3889  
45.4130 1.4304 23.0339  
45.4470 2.9859 6.1041  
45.4800 4.5190 31.1515  
45.5130 6.3555 150.2543  
45.5460 7.5949 -106.8018  
45.5800 8.6152 -0.2840  
45.6130 9.7040 91.1148  
45.6460 10.6883 34.6348  
45.6800 11.0211 -123.1385  
45.7130 11.3058 -16.9382  
45.7460 11.8862 113.3415  
45.7800 11.9184 -155.1205  
45.8130 11.7456 -30.9999  
45.8470 11.0296 -13.9121  
45.8820 10.5603 -30.2240  
45.9130 10.0458 -14.8876  
45.9470 9.0115 -64.4165  
45.9800 7.6455 -65.9141  
46.0130 6.4789 -66.4397  
46.0460 5.1498 -66.1784  
46.0800 3.1943 -74.2331  
46.1120 1.6413 -39.0348  
46.1470 0.0786 -32.0129  
46.1790 -1.3970 12.4729  
46.2130 -2.8690 -30.0603  
46.2460 -4.3832 -26.7853  
46.2790 -5.7434 -19.7011  
46.3130 -6.9365 -14.8365  
46.3460 -7.9382 -8.4261  
46.4140 -8.7215 0.0000  
46.4470 -9.2300 6.7942  
46.4800 -9.5577 16.9179  
46.5130 -9.7084 19.7011  
46.5460 -9.8106 26.7853  
46.5800 -9.7084 30.0603  
46.6120 -9.4696 15.0676  
46.6460 -9.0261 41.0604  
46.6800 -8.4673 19.0931  
46.7130 -7.6967 55.7816  
46.7470 -6.7086 63.9306  
46.7800 -5.5106 70.4267  
46.8130 -4.1504 66.0613  
46.8470 -2.6382 63.8355  
46.8790 -1.0086 64.2936  
46.9130 0.6378 35.0000  
46.9460 2.1928 -13.0602  
46.9830 3.6164 2.1996  
47.0130 5.0679 30.9134  
47.0470 6.7340 117.2995  
47.0800 7.8994 -85.8794  
47.1130 8.8695 11.2469  
47.1810 9.8973 40.5532  
47.2130 10.4008 -96.0455  
47.2470 11.0149 93.0423  
47.2800 11.4366 -22.2162  
47.3130 11.4399 -139.8806  
47.3460 11.3273 -32.6464  
47.3790 11.0101 -33.8837  
47.4130 10.3533 17.4272  
47.4460 9.8163 -49.6182  
47.4790 9.0095 -70.4711  
47.5130 7.7089 -64.1487  
47.5460 6.4834 -70.3706  
47.5800 4.6834 -75.9224  
47.6130 2.7637 -58.5096  
47.6470 1.1856 -35.2862  
47.6800 -0.3664 -24.7371  
47.7120 -1.7813 7.9279  
47.7470 -3.3576 -29.2216  
47.7790 -4.8493 -24.6982  
47.8130 -6.1734 -19.1323  
47.8470 -7.3353 -16.4301  
47.8800 -8.2873 -6.7699  
47.9470 -8.9626 2.7689  
47.9800 -9.4132 9.6160  
48.0130 -9.6879 16.9130  
48.0470 -9.8021 23.2150  
48.0800 -9.8578 25.3881  
48.1130 -9.6906 36.5781  
48.1460 -9.3446 30.2205  
48.1800 -8.8386 27.9121  
48.2130 -8.2571 5.9923  
48.2460 -7.4142 72.3934  
48.2800 -6.3580 68.2311  
48.3130 -5.1138 66.5587  
48.3470 -3.7082 63.8965  
48.3800 -2.1782 61.6238  
48.4130 -0.4805 76.2141  
48.4460 1.1771 24.3820  
48.4800 2.5897 -42.6781  
48.5120 3.9924 26.5481  
48.5470 5.8666 140.3486  
48.5800 7.3998 -30.9252  
48.6130 8.5063 -59.0248  
48.6460 9.5347 42.9055  
48.7130 10.2098 -20.2997  
48.7470 10.6536 -8.2238  
48.7800 11.1603 95.2523  
48.8130 11.1374 -136.0784  
48.8460 11.1665 -28.2196  
48.8800 10.9936 -34.4478  
48.9130 10.4285 30.0427  
48.9460 9.7785 -56.6765  
48.9800 9.1332 -55.8800  
49.0130 8.1581 -57.0618  
49.0470 7.0870 -68.2311  
49.0800 5.8256 -66.1521  
49.1130 3.9813 -81.3690  
49.1460 2.4605 -38.0464  
49.1790 0.9405 -27.9819  
49.2130 -0.6323 -49.9507  
49.2460 -2.2648 11.9250  
49.2800 -3.7871 -22.6098  
49.3130 -5.1985 -23.9340  
49.3460 -6.4866 -19.7233  
49.3830 -7.5800 -10.0683  
49.4130 -8.5510 -31.9944  
49.4470 -9.5574 -89.3666  
49.4800 -10.0384 121.1605  
49.5120 -10.3806 14.5497  
49.5460 -10.4971 16.4061  
49.5790 -10.5739 23.9340  
49.6130 -10.4716 30.0953  
49.6470 -10.1790 32.7468  
49.6800 -9.7580 19.1511  
49.7130 -9.2626 11.2923  
49.7460 -8.5418 39.1902  
49.7800 -7.2396 81.6490  
49.8130 -6.1188 66.1970  
49.8470 -4.8391 60.4108  
49.8810 -3.3974 64.0751  
49.9120 -1.8317 65.4643  
49.9460 -0.2527 34.0072  
49.9800 1.2271 3.5499  
50.0130 2.6641 6.2068  
50.0470 4.1565 27.2419  
50.0790 6.0435 163.7372  
50.1130 7.5271 -36.9915  
50.1470 8.5652 -66.7933  
50.1790 9.6539 80.0035  
50.2130 10.5805 16.4049  
50.2460 10.9980 -92.7902  
50.2800 11.2532 -13.7021  
50.3130 11.8222 98.7113  
50.3470 11.9008 -138.1793  
50.3800 11.7845 -31.0148  
50.4120 11.0363 -33.7164  
50.4480 10.4445 8.5101  
50.4790 9.9677 -36.1637  
50.5130 9.0285 -60.7218  
50.5470 7.8155 -64.0994  
50.5800 6.6762 -70.4730  
50.6120 5.3651 -68.2368  
50.6460 3.5167 -62.2281  
50.6800 2.0310 -31.5124  
50.7130 0.4275 -66.7114  
50.7460 -0.9999 20.6877  
50.7790 -2.5477 -27.1995  
50.8130 -4.0671 -24.6414  
50.8460 -5.4591 -23.9185  
50.8800 -6.6889 -16.4155  
50.9130 -7.7178 -9.6160  
50.9460 -8.9059 -114.3749  
50.9800 -9.5049 111.0110  
51.0130 -9.9744 6.7942  
51.0460 -10.1865 11.2819  
51.0800 -10.4018 19.1323  
51.1130 -10.4390 26.7707  
51.1460 -10.2902 30.9854  
51.1800 -9.9419 35.4505  
51.2130 -9.4676 21.2712  
51.2460 -8.9519 2.9360  
51.2800 -7.8595 58.6075  
51.3130 -6.8991 74.3590  
51.3470 -5.7425 64.3144  
51.3800 -4.4047 66.1893  
51.4140 -2.9268 60.3506  
51.4460 -1.2734 82.4273  
51.4790 0.3625 25.6898  
51.5130 1.7462 -38.7123  
51.5460 3.1577 29.6750  
51.5790 4.6522 28.0815  
51.6130 6.4798 156.6118  
51.6460 7.6451 -126.3704  
51.6800 8.6288 10.9060  
51.7470 9.8256 64.4115  
51.7800 10.3726 -134.7335  
51.8160 10.7717 32.2053  
51.8470 11.2290 46.0826  
51.8800 11.3591 -139.0126  
51.9130 11.2890 -30.9926  
51.9460 11.0416 -25.6544  
51.9800 10.2713 2.8154  
52.0130 9.7509 -50.6453  
52.0460 9.0130 -54.6717  
52.0800 7.6259 -63.9961  
52.1130 6.4640 -66.5020  
52.1460 4.9681 -66.0926  
52.1800 3.1206 -61.3642  
52.2120 1.5806 -47.2754  
52.2470 -0.0454 -53.8002  
52.2800 -1.4743 34.0741  
52.3120 -3.0149 -31.9390  
52.3470 -4.4769 -25.2547  
52.3800 -5.8234 -19.7011  
52.4130 -7.0082 -16.9179  
52.4470 -7.9959 -6.5944  
52.5140 -8.7656 0.0000  
52.5460 -9.2948 9.9165  
52.5800 -9.6263 13.6816  
52.6140 -9.6999 20.4654  
52.6460 -9.7928 29.1015  
52.6790 -9.6720 33.7755  
52.7130 -9.3607 30.0473  
52.7460 -8.8941 27.3657  
52.7800 -8.3478 6.9923  
52.8130 -7.5499 69.4684  
52.8470 -6.5346 63.9481  
52.8800 -5.3327 66.1465  
52.9150 -3.9725 58.5262  
52.9470 -2.4629 68.4426  
52.9800 -0.8018 74.1228  
53.0130 0.7766 8.6900  
53.0470 2.2084 -13.0443  
53.0800 3.6088 17.8401  
53.1130 5.0688 25.2894  
53.1470 6.7462 131.3460  
53.1800 7.8751 -100.3475  
53.2130 8.9158 39.4478  
53.2800 9.6493 -15.2768  
53.3140 10.1322 -9.3112  
53.3470 10.5826 64.2835  
53.3800 10.6667 -102.2837  
53.4140 10.7021 -27.3966  
53.4460 10.5802 -30.7659  
53.4800 10.2630 -32.8806  
53.5130 9.5815 24.9411  
53.5460 8.9793 -76.3261  
53.5800 8.0751 -50.5369  
53.6130 7.0551 -66.1013  
53.6470 5.8346 -68.2883  
53.6800 4.1438 -78.2181  
53.7130 2.5975 -58.5360  
53.7470 1.0326 -32.8282  
53.7800 -0.5201 -26.1483  
53.8150 -1.9256 10.1103  
53.8440 -3.5157 -35.2674  
53.8800 -4.9378 -23.3021  
53.9130 -6.2483 -18.2414  
53.9460 -7.3872 -14.1045  
53.9800 -8.3070 -3.8548  
54.0130 -9.4748 -153.3643  
54.0460 -9.9341 156.1739  
54.0800 -10.2407 12.0813  
54.1130 -10.4051 16.9032  
54.1500 -10.5354 18.8287  
54.1800 -10.4702 31.0185  
54.2130 -10.2191 30.9439  
54.2470 -9.7861 35.8064  
54.2800 -9.2863 6.1122  
54.3130 -8.6895 25.4337  
54.3470 -7.3326 74.7063  
54.3800 -6.2720 66.3821  
54.4140 -5.0327 64.6377  
54.4470 -3.6457 61.6682  
54.4790 -2.1313 61.5656  
54.5130 -0.4895 64.8515  
54.5470 1.0789 8.4453  
54.5800 2.4801 -13.7632  
54.6130 3.9310 21.1689  
54.6460 5.3815 25.3027  
54.6800 6.9129 98.4802  
54.7130 7.9871 -72.1138  
54.7460 9.0299 57.0559  
54.7800 9.6104 -76.1213  
54.8130 10.0886 28.6830  
54.8500 10.2996 -12.5911  
54.8800 10.8504 122.8272  
54.9130 10.9434 -152.4925  
54.9470 10.8735 -27.3760  
54.9800 10.6122 -32.6805  
55.0130 9.9385 -23.5274  
55.0470 9.5319 8.5753  
55.0800 8.7336 -61.6232  
55.1130 7.9755 -66.2665  
55.1470 6.8908 -68.2206  
55.1800 5.6343 -66.1617  
55.2130 3.7561 -76.7475  
55.2470 2.2539 -37.3981  
55.2800 0.7154 -39.2417  
55.3130 -0.9078 -58.3096  
55.3470 -2.3380 33.8997  
55.3790 -3.8905 -29.0728  
55.4120 -5.3235 -25.4339  
55.4460 -6.5886 -14.9503  
55.4790 -7.6684 -14.1088  
55.5140 -8.4240 30.2395  
55.5460 -9.2580 -103.6457  
55.5790 -9.7204 74.0789  
55.6130 -10.0160 10.9501  
55.6460 -10.0542 19.7121  
55.6790 -10.1286 23.9498  
55.7130 -10.0077 30.0811  
55.7460 -9.7009 30.9179  
55.7800 -9.2809 18.3041  
55.8130 -8.7728 12.6213  
55.8460 -8.2495 36.6668  
55.8790 -7.1213 82.8020  
55.9130 -6.0191 64.2501  
55.9460 -4.7359 66.1200  
55.9810 -3.3127 58.5875  
56.0050 -1.7379 96.1442  
56.0460 -0.1340 32.0255  
56.0800 1.2405 -37.4884  
56.1130 2.6599 32.5079  
56.1470 4.1304 27.2352  
56.1800 5.9484 142.0142  
56.2130 7.3890 -31.5951  
56.2470 8.4178 -56.8511  
56.2790 9.5691 106.4862  
56.3130 10.5807 19.2020  
56.3470 10.9518 -120.5387  
56.3790 11.1449 -14.5497  
56.4130 11.7790 92.2091  
56.4470 11.8576 -131.8453  
56.4800 11.7413 -31.0073  
56.5120 11.0586 -30.5145  
56.5470 10.5413 17.4391  
56.5800 10.0190 -60.0802  
56.6130 8.9756 -54.6561  
56.6470 7.6776 -55.6544  
56.6800 6.5568 -70.5220  
56.7130 5.2679 -65.0258  
56.7470 3.4158 -73.4537  
56.7800 1.8360 -53.3257  
56.8130 0.3343 -7.3414  
56.8470 -1.0988 -8.5213  
56.8800 -2.6593 -20.1380  
56.9130 -4.1239 -31.0224  
56.9470 -5.4779 -20.4818  
56.9800 -6.6890 -14.0880  
57.0130 -7.7086 -12.4474  
57.0470 -8.7713 -75.8241  
57.0800 -9.3358 75.3122  
57.1130 -9.7019 6.7942  
57.1460 -9.9879 16.9179  
57.1800 -10.1800 19.1217  
57.2130 -10.2265 23.9658  
57.2460 -10.0591 33.7907  
57.2800 -9.7459 22.3996  
57.3140 -9.3707 4.5539  
57.3460 -8.7855 52.8009  
57.3800 -7.7947 43.4839  
57.4130 -6.8339 66.1953  
57.4470 -5.6770 64.3008  
57.4800 -4.3578 66.0842  
57.5130 -2.9020 61.0959  
57.5460 -1.2909 71.0221  
57.5800 0.2336 7.3287  
57.6130 1.6339 -14.5673  
57.6460 3.1259 32.4869  
57.6800 4.5416 27.2555  
57.7130 6.2532 134.4668  
57.7460 7.4234 -97.8478  
57.7790 8.3975 6.7942  
57.8460 9.6175 69.2643  
57.8800 10.1588 -140.3463  
57.9130 10.7060 72.8444  
57.9460 10.8719 -108.0178  
57.9800 11.0020 -24.6664  
58.0130 10.9227 -30.9854  
58.0470 10.6591 -26.9353  
58.0800 9.9625 3.2596  
58.1130 9.4239 -49.9629  
58.1470 8.6929 -50.0029  
58.1800 7.2826 -65.2194  
58.2130 6.1163 -70.6504  
58.2460 4.5035 -62.4564  
58.2790 3.0365 -63.8512  
58.3140 1.5009 -43.5720  
58.3460 -0.0748 -44.4708  
58.3790 -1.4875 21.6462  
58.4130 -3.0132 -30.0603  
58.4460 -4.4578 -25.4008  
58.4800 -5.8020 -20.4654  
58.5130 -6.9774 -14.0962  
58.5460 -7.9515 -9.6160  
58.6140 -8.7009 2.7265  
58.6470 -9.2171 6.8186  
58.6800 -9.5250 16.9081  
58.7130 -9.6209 21.1025  
58.7460 -9.7045 25.3881  
58.7790 -9.5745 33.7680  
58.8130 -9.2402 35.4165  
58.8460 -8.7609 22.8718  
58.8800 -8.2079 7.9874  
58.9140 -7.4071 63.5320  
58.9460 -6.4101 67.1201  
58.9800 -5.2176 64.1398  
59.0130 -3.8486 70.3586  
59.0460 -2.3439 62.2389  
59.0790 -0.7277 59.1613  
59.1170 0.8084 8.2590  
59.1460 2.1698 -18.7162  
59.1800 3.5575 29.9268  
59.2140 5.0156 28.7096  
59.2460 6.7295 147.4127  
59.2800 7.8396 -114.4067  
59.3130 8.8741 43.1917  
59.3800 9.5783 -14.6462  
59.4130 10.0289 -14.6454  
59.4490 10.4883 56.7096  
59.4800 10.5961 -103.3079  
59.5130 10.6650 -28.2196  
59.5460 10.5244 -32.6666  
59.5800 10.2372 -14.4233  
59.6130 9.4413 -11.2000  
59.6470 8.8485 -54.6355  
59.6800 7.9455 -50.8353  
59.7130 6.9138 -68.7411  
59.7460 5.7119 -66.2095  
59.7820 4.0464 -72.0927  
59.8190 2.5715 -35.0056  
59.8460 1.0535 -50.4979  
59.8790 -0.5106 -46.6242  
59.9130 -1.9602 19.2503  
59.9460 -3.4752 -30.9926  
59.9800 -4.8882 -24.6728  
60.0130 -6.2050 -21.6402  
60.0460 -7.3208 -7.8831  
60.0800 -8.3036 -25.1078  
60.1130 -9.3582 -100.4054  
60.1460 -9.8758 123.4514  
60.1820 -10.2199 10.3449  
60.2130 -10.3451 20.9898  
60.2460 -10.4660 21.1196  
60.2790 -10.3823 31.0073  
60.3140 -10.1126 29.1632  
60.3460 -9.6512 37.6095  
60.3800 -9.0851 23.1308  
60.4130 -8.3990 10.5030  
60.4470 -7.1516 67.6292  
60.4790 -6.0948 67.7479  
60.5130 -4.8425 68.4487  
60.5460 -3.4511 61.8798  
60.5800 -1.9477 53.4490  
60.6130 -0.4224 37.6460  
60.6460 0.9972 -1.1294  
60.6800 2.3493 15.5731  
60.7130 3.7246 30.8481  
60.7470 5.4896 124.8014  
60.7800 7.0663 12.6328  
60.8130 8.1406 -86.5628  
60.8470 9.1413 46.8172  
60.8820 10.3039 104.6095  
60.9130 10.8199 -149.9832  
60.9460 11.1102 -30.7394  
60.9800 11.6956 85.6956  
61.0130 11.8112 -126.3067  
61.0460 11.7320 -28.1986  
61.0800 11.1206 -31.7261  
61.1130 10.3951 -21.9370  
61.1470 9.9049 -14.8113  
61.1800 9.0806 -52.9956  
61.2130 7.7130 -53.7024  
61.2460 6.5920 -66.1577  
61.2800 5.3542 -64.2090  
61.3130 3.5533 -82.3367  
61.3460 2.0139 -47.0402  
61.3800 0.4872 -23.6634  
61.4130 -1.0908 -48.1946  
61.4460 -2.5077 26.8641  
61.4800 -3.9765 -30.0953  
61.5140 -5.3451 -21.9400  
61.5460 -6.5966 -18.8021  
61.5800 -7.6577 -8.2138  
61.6130 -8.3257 52.9818  
61.6460 -9.1466 -128.6991  
61.6800 -9.5625 73.4903  
61.7130 -9.8513 14.1003  
61.7470 -9.9069 21.8564  
61.7800 -9.9813 21.1456  
61.8130 -9.8604 28.1717  
61.8470 -9.5443 35.4576  
61.8800 -9.1922 -7.3074  
61.9130 -8.6902 36.9466  
61.9470 -8.2135 43.9955  
61.9820 -7.0805 66.1806  
62.0040 -5.9785 99.4848  
62.0460 -4.7046 51.9899  
62.0790 -3.2828 67.3553  
62.1140 -1.7628 47.9892  
62.1460 -0.1620 54.3014  
62.1800 1.2653 -15.5898  
62.2130 2.7660 14.9577  
62.2460 4.2240 23.9903  
62.2800 5.9571 124.9168  
62.3130 7.1639 -89.2938  
62.3460 8.1836 9.6273  
62.3800 9.3705 113.4178  
62.4130 10.3031 -9.7270  
62.4470 10.7104 -105.1048  
62.4800 10.8973 -14.1045  
62.5130 11.0771 -18.2414  
62.5460 11.1236 -25.4205  
62.5800 10.9980 -27.3496  
62.6130 10.3600 -26.5702  
62.6470 9.9156 -29.6930  
62.6800 9.4371 -0.7351  
62.7130 8.3595 -64.7028  
62.7460 7.0959 -66.0544  
62.7800 5.9846 -60.3451  
62.8130 4.6878 -70.3075  
62.8460 3.2514 -60.5168  
62.8800 1.7893 -32.2565  
62.9130 0.3590 -18.5443  
62.9460 -1.0783 -28.6796  
62.9800 -2.4775 -18.4965  
63.0130 -3.9674 -28.1986  
63.0460 -5.3134 -21.1110  
63.0790 -6.4972 -16.9032  
63.1160 -7.5076 -8.5967  
63.1800 -8.2860 0.0000  
63.2140 -8.8422 6.6181  
63.2460 -9.2329 17.4365  
63.2800 -9.4975 19.1112  
63.3130 -9.5883 23.9821  
63.3460 -9.5140 30.9642  
63.3800 -9.2355 32.7075  
63.4130 -8.7876 30.1943  
63.4500 -8.2563 7.4845  
63.4800 -7.5325 53.5438  
63.5130 -6.5903 66.1953  
63.5480 -5.4523 62.3646  
