Tempo Angle omega x y
s degrees degrees/s  
0.0330 8.3627 -118.1784  
0.0620 6.2711 -148.3560  
0.0820 4.5351 -147.5890  
0.1300 2.1678 2.5006  
0.1630 -0.3127 -60.3697  
0.1970 -2.8226 -43.3027  
0.2300 -5.1853 -21.1015  
0.2630 -7.3240 39.8174  
0.2960 -8.7894 106.6411  
0.3300 -9.7711 19.5010  
0.3630 -10.2434 32.6093  
0.3970 -10.1463 40.9067  
0.4290 -9.7127 12.9228  
0.4640 -9.0306 74.4599  
0.4970 -7.8910 78.2144  
0.5300 -6.3215 85.6806  
0.5640 -4.4226 76.4064  
0.5970 -2.4818 52.5267  
0.6300 -0.8174 22.8714  
0.6630 0.8421 18.6070  
0.6970 2.4816 25.7520  
0.7300 4.0844 31.0361  
0.7630 5.7255 24.1434  
0.7970 6.9003 -60.4863  
0.8310 7.7253 -26.9838  
0.8630 8.2001 -21.0835  
0.8960 8.2010 -64.8870  
0.9300 7.9743 -15.9428  
0.9640 7.3906 -82.8085  
0.9970 6.4768 -81.4155  
1.0300 5.2369 -72.3168  
1.0640 3.6551 -70.4053  
1.0970 1.9523 -12.5401  
1.1300 0.3168 -41.9048  
1.1640 -1.3238 -28.4914  
1.1970 -2.9676 -21.4238  
1.2300 -4.4599 -18.9875  
1.2640 -5.8455 15.4552  
1.2970 -6.9036 13.9167  
1.3300 -7.5957 29.4917  
1.3630 -7.9171 40.0409  
1.3960 -7.8598 42.2055  
1.4330 -7.6792 22.1285  
1.4480 -7.0833 184.6991  
1.4970 -6.1339 52.3728  
1.5300 -4.8197 89.1305  
1.5630 -3.2380 62.0413  
1.5840 -1.6148 44.8577  
1.6300 0.0648 22.2246  
1.6640 1.7350 25.8444  
1.6960 3.3087 11.1815  
1.7300 5.7440 294.3366  
1.7630 6.9331 -352.8082  
1.8010 7.7740 -18.7254  
1.8140 8.2872 -54.6541  
1.8640 8.3364 -33.9766  
1.8970 7.9981 -55.3978  
1.9300 7.3864 -54.2768  
1.9640 6.4077 -77.8999  
1.9970 5.2070 -40.6209  
2.0300 3.7431 -68.9414  
2.0630 1.1329 -44.0889  
2.0970 -0.4512 -40.6247  
2.1300 -2.0961 -40.0057  
2.1640 -3.7460 -22.3678  
2.1970 -5.2711 -13.6519  
2.2300 -6.9747 -109.5160  
2.2640 -8.1012 117.0766  
2.2970 -8.8712 27.7801  
2.3300 -9.3896 35.6161  
2.3630 -9.5314 45.1743  
2.3970 -9.5261 0.4760  
2.4300 -9.0746 93.3297  
2.4630 -8.2769 64.9436  
2.4790 -7.1201 176.8359  
2.5310 -5.6691 47.9333  
2.5630 -3.7730 26.1206  
2.6000 -2.1043 46.1518  
2.6300 -0.4558 23.8106  
2.6630 1.1427 20.4757  
2.6790 2.4979 -58.9211  
2.7300 3.9703 23.2875  
2.7630 5.0796 -16.6688  
2.7970 5.8967 -22.9077  
2.8300 6.3392 -27.8030  
2.8630 6.3188 -64.7151  
2.8970 6.0818 -39.1389  
2.9300 5.3946 -84.6705  
2.9630 4.3823 -76.8850  
2.9970 3.1511 -44.4761  
3.0300 1.7334 -85.0964  
3.0630 0.1715 -7.7205  
3.0970 -1.4531 -34.6055  
3.1300 -3.1064 -32.3141  
3.1640 -4.7232 -16.2616  
3.1970 -6.1241 0.7555  
3.2300 -7.3999 -2.4424  
3.2640 -8.3304 19.3535  
3.2960 -8.9000 33.5164  
3.3300 -9.1899 37.8089  
3.3640 -9.0489 44.1245  
3.4010 -8.7945 23.7661  
3.4310 -8.1770 81.8066  
3.4640 -7.1851 81.1374  
3.4820 -5.8638 152.2838  
3.5300 -4.4408 21.7190  
3.5630 -2.7950 65.0683  
3.5800 -1.1364 46.2137  
3.6310 0.4967 16.0226  
3.6630 2.0482 14.6929  
3.6970 3.6560 60.6807  
3.7300 4.9390 -71.7730  
3.7630 5.8988 -23.5700  
3.7970 6.5195 -21.0050  
3.8300 6.6624 -61.6844  
3.8640 6.6094 -26.9975  
3.8980 6.0726 -79.1031  
3.9300 5.1896 -83.6571  
3.9640 4.0926 -38.9270  
3.9970 2.5763 -112.7944  
4.0300 0.8732 5.9155  
4.0460 -0.7312 -86.3116  
4.0970 -2.3797 -23.9000  
4.1290 -4.0226 -20.5931  
4.1640 -5.5562 -26.9205  
4.1970 -6.9444 16.2499  
4.2300 -8.0182 13.7542  
4.2640 -8.7376 25.5165  
4.2970 -9.2065 35.8239  
4.3300 -9.1599 43.3699  
4.3630 -9.1030 9.0586  
4.3970 -8.6358 80.0826  
4.4300 -7.7927 76.9263  
4.4640 -6.6014 83.0705  
4.4970 -5.0714 74.0765  
4.5290 -3.5075 27.3313  
4.5640 -1.8387 42.9330  
4.5960 -0.1955 19.1395  
4.6130 1.3970 39.7253  
4.6970 2.8465 0.0000  
4.7310 4.1948 -20.9366  
4.7670 5.2133 -15.9986  
4.7820 5.8251 -101.8714  
4.8310 6.0624 -18.7905  
4.8640 5.8044 -76.0099  
4.8960 5.1903 -83.9577  
4.9130 4.1725 -149.0492  
4.9640 2.8411 -49.4909  
4.9960 1.2557 -58.2827  
5.0300 -0.3123 5.1425  
5.0640 -1.9368 -37.5815  
5.0960 -3.6056 -31.8070  
5.1300 -5.1669 -13.3496  
5.1630 -7.1690 -161.4611  
5.1970 -8.3726 161.0628  
5.2130 -9.2414 41.3840  
5.2640 -9.7443 22.0405  
5.2970 -9.8459 45.1547  
5.3130 -9.7750 -8.8289  
5.3640 -9.4702 49.3139  
5.3970 -8.7658 82.3447  
5.4310 -7.6918 78.7928  
5.4640 -6.3832 57.3266  
5.4970 -4.2911 75.9466  
5.5300 -2.6224 37.6684  
5.5670 -0.9586 16.5428  
5.5980 0.6705 25.1018  
5.6310 2.2656 34.8364  
5.6640 3.9023 8.3125  
5.6970 5.1247 -49.3127  
5.7310 5.9975 -22.9077  
5.7630 6.5412 -19.1200  
5.7800 6.6720 -131.6545  
5.8310 6.4396 -22.0485  
5.8630 5.8189 -82.5101  
5.8790 4.8683 -167.9544  
5.9300 3.6876 -29.8638  
5.9460 2.0469 -215.6179  
5.9860 0.2604 -29.5982  
6.0310 -1.3439 4.3344  
6.0640 -2.9719 -30.7976  
6.0970 -4.6147 -23.0343  
6.1300 -5.8657 50.9429  
6.1640 -7.1880 -54.0678  
6.1970 -8.1952 15.4530  
6.2300 -8.8368 29.3934  
6.2640 -9.1976 37.7922  
6.2970 -9.0601 46.4310  
6.3330 -8.7618 11.7884  
6.3460 -8.2211 201.5217  
6.3970 -7.3111 52.4719  
6.4130 -6.1145 131.5884  
6.4640 -4.8441 47.4344  
6.4970 -3.2030 56.6548  
6.5130 -1.5444 42.7487  
6.5640 0.0950 15.2788  
6.5970 1.8127 62.6235  
6.6130 3.8186 275.9160  
6.6640 5.1644 -121.1011  
6.6960 6.1771 -22.2350  
6.7130 6.8543 -39.9247  
6.7640 7.1378 -35.9275  
6.7800 7.0067 -107.9005  
6.8310 6.5224 -32.5814  
6.8640 5.7021 -81.1157  
6.8800 4.5505 -158.3480  
6.9300 3.0778 -22.8921  
6.9640 0.8917 -79.9671  
6.9970 -0.6966 -6.0345  
7.0130 -2.3212 -67.1016  
7.0650 -3.9540 -14.6348  
7.0970 -5.4342 -9.5895  
7.1130 -6.8338 -57.4871  
7.1650 -7.9602 20.6001  
7.1970 -8.7373 25.4611  
7.2300 -9.1538 32.5272  
7.2460 -9.2965 99.5427  
7.2970 -9.1964 -5.7002  
7.3130 -8.7886 179.8558  
7.3640 -8.0223 49.2562  
7.3970 -6.9115 81.3094  
7.4300 -5.6026 50.7584  
7.4460 -4.0281 108.4559  
7.5010 -2.3798 32.9098  
7.5160 -0.7415 47.6114  
7.5470 0.8571 21.8087  
7.5980 2.1388 -30.8962  
7.6310 3.7383 87.4758  
7.6480 4.8782 -101.0421  
7.6970 5.6856 -16.5791  
7.7130 6.1567 -42.5421  
7.7650 6.2264 -44.9747  
7.7970 5.9828 -43.7097  
7.8130 5.2917 -166.4956  
7.8640 4.2766 -49.5155  
7.8970 3.0485 -44.0750  
7.9300 1.6458 -100.6814  
7.9640 -0.0227 6.7355  
7.9970 -1.6371 -35.6475  
8.0300 -3.2720 -30.8246  
8.0470 -4.8945 -32.7152  
8.0980 -6.2068 14.9482  
8.1310 -7.4453 -20.0257  
8.1470 -8.3516 41.1460  
8.1970 -8.9084 19.4139  
8.2310 -9.1911 37.8089  
8.2630 -9.1250 5.1798  
8.2800 -8.7438 198.8309  
8.3340 -8.1161 23.8499  
8.3480 -7.1190 191.2523  
8.3980 -5.8715 38.9482  
8.4310 -4.5167 55.6426  
8.4460 -2.9044 127.5562  
8.4980 -1.2662 17.6442  
8.5310 0.3645 27.1416  
8.5640 1.9556 26.9485  
8.5980 3.8076 81.6067  
8.6300 4.9662 -111.0413  
8.6460 5.9123 -52.3181  
8.7010 6.5126 -14.2006  
8.7160 6.7247 -128.8892  
8.7640 6.6590 -19.6488  
8.7970 6.1316 -81.9252  
8.8130 5.2466 -166.1393  
8.8640 4.0264 -48.1470  
8.8800 2.4596 -161.0808  
8.9310 0.6357 3.9752  
8.9640 -0.9755 -43.1847  
8.9800 -2.6102 -67.0734  
9.0310 -4.2328 -12.9212  
9.0640 -5.7014 -11.9403  
9.0830 -7.0769 -0.6286  
9.1310 -8.1367 9.4560  
9.1640 -8.8439 26.2898  
9.1980 -9.1729 39.0060  
9.2130 -9.0950 99.4191  
9.2640 -9.0334 0.7900  
9.2980 -8.5585 79.6600  
9.3130 -7.7148 174.2796  
9.3640 -6.5240 55.1294  
9.3970 -5.0484 74.3818  
9.4130 -3.4776 58.7689  
9.4500 -1.8190 35.9720  
9.4800 -0.1661 27.0641  
9.5310 1.4121 11.3309  
9.5980 2.8270 -2.1115  
9.6310 4.1808 -17.2840  
9.6460 5.1825 -54.1471  
9.6970 5.7733 -29.3190  
9.7130 5.9001 -114.2933  
9.7650 5.6406 -27.0780  
9.7970 5.0199 -83.4750  
9.8310 3.9996 -78.3854  
9.8640 2.5991 -90.6465  
9.8820 0.9923 -82.4467  
9.9140 -0.5615 12.1280  
9.9470 -2.1861 -38.7203  
9.9980 -3.8056 -14.9334  
10.0310 -5.3308 -16.7544  
10.0640 -6.8870 -64.7806  
10.0970 -8.0691 70.6811  
10.1130 -8.9128 44.5637  
10.1640 -9.3827 21.0426  
10.1980 -9.4146 40.8316  
10.2310 -9.1553 43.2759  
10.2490 -8.8263 60.2791  
10.2980 -8.1202 50.8658  
10.3310 -7.0718 80.6775  
10.3460 -5.7126 170.3273  
10.3980 -4.0427 18.6472  
10.4300 -2.4249 56.5856  
10.4460 -0.7901 55.1835  
10.4980 0.8084 13.6800  
10.5310 2.3581 27.2506  
10.5640 3.7117 -16.1527  
10.5800 4.9099 -29.2450  
10.6320 5.7777 -15.6292  
10.6470 6.3010 -52.1182  
10.6980 6.3553 -41.8805  
10.7310 6.2099 -31.1283  
10.7460 5.6056 -185.1485  
10.7980 4.6454 -51.4813  
10.8310 3.3790 -71.2180  
10.8460 1.7504 -181.5450  
10.8970 0.2272 10.2213  
10.9130 -1.3770 -79.9213  
10.9650 -3.0017 -19.5446  
10.9980 -4.6140 -19.9593  
11.0300 -5.7686 76.2866  
11.0490 -7.0748 -133.8236  
11.0970 -8.0475 11.5939  
11.1130 -8.6658 54.2723  
11.1650 -8.9103 26.6809  
11.1800 -8.7497 88.5082  
11.2310 -8.5720 13.5723  
11.2640 -8.0269 72.5887  
11.2800 -7.1166 164.6780  
11.3310 -5.8733 52.3941  
11.3640 -4.7373 41.4775  
11.3800 -3.1148 145.0914  
11.4310 -1.4766 13.9923  
11.4460 0.1425 45.1715  
11.4980 1.6798 10.9612  
11.5310 3.8216 223.3835  
11.5460 5.1162 -518.5991  
11.5980 6.1050 -12.7543  
11.6310 6.7734 -17.2435  
11.6630 6.9839 -59.5885  
11.6820 6.9632 -49.6144  
11.7150 6.4806 -69.6340  
11.7640 5.6640 -53.6101  
11.7970 4.5471 -70.4479  
11.8160 3.2518 -63.9115  
11.8640 0.9196 -62.4483  
11.8970 -0.6184 4.9345  
11.9130 -2.2102 -75.0550  
11.9650 -3.8201 -14.4253  
11.9970 -5.2838 -13.8964  
12.0130 -6.8802 -141.8291  
12.0650 -7.9806 51.1773  
12.0980 -8.7429 22.8602  
12.1130 -9.1520 80.4832  
12.1640 -9.3028 26.8470  
12.1800 -9.1394 8.9767  
12.2310 -8.7462 48.2611  
12.2640 -7.9761 77.8184  
12.2800 -6.8667 165.2185  
12.3310 -5.4660 48.3868  
12.3640 -3.7531 25.8461  
12.3800 -2.1379 105.2434  
12.4310 -0.5201 15.2937  
12.4460 1.0420 43.3856  
12.4960 2.2977 -33.8845  
12.5130 3.7086 99.7200  
12.5640 4.8172 -11.0257  
12.5980 5.6089 -17.6673  
12.6130 6.0490 -58.1046  
12.6640 6.0703 -33.7477  
12.6980 5.8215 -54.3642  
12.7130 5.1400 -176.1403  
12.7640 4.1165 -51.7886  
12.7800 2.9023 -78.4904  
12.8310 1.5486 -60.5543  
12.8460 0.0366 7.4313  
12.9020 -1.5351 -20.7121  
12.9150 -3.1320 -65.4948  
12.9640 -4.7016 -12.2339  
13.0310 -6.1142 -2.2540  
13.0470 -7.2620 50.0144  
13.0980 -8.0397 20.7382  
13.1310 -8.4266 38.4142  
13.1470 -8.6685 12.1178  
13.1980 -8.3846 42.5607  
13.2130 -7.8880 149.1868  
13.2640 -7.0151 51.0272  
13.2800 -5.7882 168.1334  
13.3310 -4.3871 22.3817  
13.3650 -2.7622 61.3893  
13.3800 -1.1603 37.9898  
13.4310 0.4300 18.4760  
13.4470 2.0584 103.0107  
13.4970 3.7234 11.2087  
13.5130 4.9525 -136.8445  
13.5650 5.8716 -16.5632  
13.5980 6.4635 -20.3010  
13.6130 6.5857 -133.7621  
13.6640 6.4974 -18.8946  
13.6800 5.9472 -158.2530  
13.7310 5.0760 -51.7623  
13.7460 3.9940 -77.7367  
13.7970 2.3611 -75.6931  
13.8130 0.5665 -66.0972  
13.8530 -1.0013 1.9737  
13.8980 -2.5932 -24.4722  
13.9130 -4.1977 -53.1108  
13.9470 -5.7357 -39.4790  
13.9820 -7.0585 33.9750  
14.0300 -8.1011 5.6247  
14.0470 -8.7764 60.8126  
14.0980 -9.2043 25.6206  
14.1310 -9.1193 38.4687  
14.1470 -8.8843 27.6041  
14.1980 -8.3988 50.6779  
14.2310 -7.5631 72.7468  
14.2490 -6.3706 154.0004  
14.2980 -4.8188 45.9162  
14.3310 -3.2295 47.4068  
14.3470 -1.5965 44.1878  
14.3980 0.0100 15.0703  
14.4130 1.5360 33.4179  
14.4980 2.9350 0.0000  
14.5310 4.2197 -21.2613  
14.5470 5.1758 -43.7870  
14.5980 5.8075 -16.5477  
14.6310 5.9287 -70.7093  
14.6470 5.6760 -93.0327  
14.6980 5.0145 -49.4813  
14.7310 4.0485 -70.8635  
14.7460 2.7980 -138.4109  
14.7980 1.2702 -43.6851  
14.8310 -0.2658 -2.4842  
14.8460 -1.8475 -77.2957  
14.8980 -3.4585 -19.0927  
14.9300 -5.0155 -9.4845  
14.9460 -6.7017 -226.6346  
14.9980 -7.8824 68.5882  
15.0310 -8.7053 31.9790  
15.0470 -9.1884 66.1460  
15.0980 -9.3270 26.8431  
15.1310 -9.2054 10.0171  
15.1470 -8.8570 136.6831  
15.1980 -8.1586 45.8642  
15.2130 -7.0965 176.3092  
15.2650 -5.7529 48.3121  
15.2970 -3.9544 28.8153  
15.3130 -2.3240 117.8508  
15.3640 -0.7322 13.1283  
15.3800 0.8339 50.0996  
15.4350 2.2456 -3.1790  
15.4480 3.6579 25.8303  
15.4970 4.8053 -9.4227  
15.5130 5.6487 -43.8138  
15.5640 6.1505 -15.1132  
15.5800 6.2006 -125.3653  
15.6320 6.0316 -24.3978  
15.6640 5.4296 -76.3602  
15.6800 4.4985 -163.8637  
15.7310 3.3705 -22.8989  
15.7460 1.9112 -232.5291  
15.7970 0.4393 4.1304  
15.8130 -1.1225 -85.0650  
15.8640 -2.7408 -24.8228  
15.8800 -4.3105 -17.8226  
15.9320 -5.6587 4.0138  
15.9610 -6.9210 -14.0917  
15.9780 -7.9069 18.8497  
16.0310 -8.5120 22.3636  
16.0460 -8.8698 87.0440  
16.0980 -8.7417 26.3601  
16.1130 -8.5125 81.4927  
16.1660 -7.9499 37.2111  
16.1800 -6.9944 190.2582  
16.2310 -5.8246 36.4352  
16.2470 -4.4946 113.1441  
16.2970 -2.9048 43.7663  
16.3130 -1.2572 56.2344  
16.3640 0.3291 11.2166  
16.3800 1.8310 28.8569  
16.4310 3.5977 78.7812  
16.4470 4.8242 -261.1743  
16.4980 5.7733 -15.7175  
16.5140 6.3892 -41.8465  
16.5650 6.6385 -35.4181  
16.5800 6.6204 -57.6226  
16.6310 6.1320 -49.3173  
16.6460 5.3055 -165.3576  
16.6980 4.1835 -45.8520  
16.7130 2.8990 -77.4934  
16.7640 1.0754 -26.9162  
16.7800 -0.4665 -85.1282  
16.8310 -2.0382 -21.5758  
16.8460 -3.6281 -56.7072  
16.8970 -5.0665 -5.7104  
16.9130 -6.4945 -47.5858  
16.9470 -7.5748 28.3132  
16.9980 -8.3130 18.4424  
17.0130 -8.6968 77.2812  
17.0640 -8.8375 24.8823  
17.0800 -8.8027 23.8950  
17.1320 -8.3718 49.9800  
17.1470 -7.5957 156.7714  
17.1980 -6.4688 52.0958  
17.2130 -5.1692 95.7364  
17.2640 -3.6325 31.5818  
17.2800 -2.0135 111.5265  
17.3310 -0.4217 13.1133  
17.3650 1.1143 17.6860  
17.3800 2.4148 -72.3842  
17.4310 3.7918 22.4886  
17.4470 4.8526 -35.1444  
17.4980 5.6083 -13.7399  
17.5130 6.0311 -44.7403  
17.5650 6.0797 -44.3453  
17.5800 5.8298 -91.6553  
17.6310 5.1447 -50.3345  
17.6490 4.1361 -142.5705  
17.6980 2.9580 -22.3308  
17.7130 1.7009 -125.0129  
17.7640 0.1990 -25.5309  
17.7800 -1.3728 -78.7620  
17.8310 -2.9647 -17.6866  
17.8460 -4.5444 -36.5917  
17.9320 -5.9034 -1.1592  
17.9650 -7.0400 25.7339  
17.9820 -7.8242 56.3141  
18.0190 -8.2150 36.9842  
18.0650 -8.4601 7.8635  
18.0800 -8.3215 130.7729  
18.1320 -7.8075 47.1659  
18.1470 -6.9069 173.7199  
18.1980 -5.6757 47.1472  
18.2310 -4.2171 52.2452  
18.2460 -2.5973 100.8278  
18.2980 -1.0055 10.9586  
18.3130 0.5854 63.2105  
18.3640 2.0570 3.4295  
18.3820 3.5575 36.1694  
18.4320 4.7798 -16.4067  
18.4470 5.6715 -56.9127  
18.4980 6.2356 -13.1359  
18.5130 6.3586 -133.7621  
18.5640 6.2001 -21.3913  
18.5800 5.6360 -158.9766  
18.6320 4.7500 -50.9396  
18.6460 3.6574 -79.8782  
18.6970 2.3367 -41.2916  
18.7130 0.8238 -79.4696  
18.7470 -0.7433 -40.0421  
18.7980 -2.3351 -21.5931  
18.8130 -3.9404 -53.6469  
18.8640 -5.4457 -19.7368  
18.8800 -6.7458 60.0921  
18.9310 -7.7553 7.1047  
18.9470 -8.3956 65.1724  
18.9980 -8.8135 21.6733  
19.0130 -8.8839 91.3364  
19.0640 -8.7958 6.1384  
19.0800 -8.2967 171.7587  
19.1310 -7.4474 47.0746  
19.1490 -6.2534 146.8234  
19.1980 -4.7477 43.0653  
19.2130 -3.1628 116.9054  
19.2650 -1.5591 10.5861  
19.2800 0.0209 53.7118  
19.3310 1.5330 8.3491  
19.3980 2.9093 0.1910  
19.4130 4.1868 -45.0432  
19.4640 5.1194 -13.7344  
19.4800 5.6661 -91.1452  
19.5320 5.7666 -34.9840  
19.5470 5.5000 -104.0514  
19.5980 4.7946 -51.6513  
19.6130 3.7938 -160.2609  
19.6640 2.5819 -25.5954  
19.6800 1.2001 -79.5573  
19.7310 -0.3233 -27.5096  
19.7470 -1.8851 -66.2060  
19.7980 -3.4619 -16.6893  
19.8130 -4.9374 -29.7221  
19.8640 -6.5166 -55.9870  
19.8800 -7.6348 190.5762  
19.9350 -8.4193 12.7706  
19.9490 -8.8576 75.5954  
19.9970 -9.0285 28.5207  
20.0130 -9.0468 15.7986  
20.0640 -8.6978 44.4888  
20.0800 -8.0095 145.9395  
20.1310 -6.9716 51.8523  
20.1470 -5.7268 101.4408  
20.1980 -3.9504 48.2557  
20.2130 -2.3654 75.6900  
20.2640 -0.7836 13.1359  
20.2800 0.7525 37.5585  
20.3150 2.0529 -28.1947  
20.3470 3.4591 40.9245  
20.3980 4.5860 -10.2582  
20.4130 5.4094 -46.7155  
20.4470 5.9012 -19.7384  
20.4970 6.0101 -44.1167  
20.5130 5.7512 -76.0988  
20.5470 5.1175 -76.8374  
20.5810 4.1806 -69.4386  
20.6140 3.0727 -33.6565  
20.6470 1.7208 -103.8047  
20.6810 0.2529 4.3597  
20.7140 -1.2989 -41.2379  
20.7470 -2.8707 -27.3185  
20.7980 -4.4304 -10.7761  
20.8130 -5.4834 190.7262  
20.8650 -6.7207 -58.8622  
20.8800 -7.6319 43.2810  
20.9320 -8.2213 16.4711  
20.9470 -8.5628 91.2034  
20.9980 -8.4209 27.6243  
21.0130 -8.2112 55.1108  
21.0650 -7.6416 43.0354  
21.0800 -6.7264 170.2852  
21.1140 -5.4944 77.0102  
21.1640 -4.4397 21.7684  
21.1800 -2.8701 130.5066  
21.2310 -1.2749 17.7339  
21.2470 0.2914 35.4893  
21.2980 1.7571 7.1135  
21.3130 3.4365 236.3525  
21.3650 4.6588 -72.0139  
21.3800 5.6008 -37.5928  
21.4320 6.2205 -12.8833  
21.4470 6.3877 -127.0829  
21.5010 6.3600 -15.9449  
21.5160 5.8777 -163.8003  
21.5650 5.0446 -53.1603  
21.5800 3.9292 -150.2575  
21.6310 2.6646 -22.1531  
21.6470 0.7621 -177.0913  
21.6980 -0.7602 1.1191  
21.7130 -2.3319 -70.5714  
21.7640 -3.9118 -14.7140  
21.7800 -5.3202 -12.0181  
21.8310 -6.6533 -2.1094  
21.8490 -7.7190 12.0019  
21.8990 -8.4356 17.7410  
21.9130 -8.8062 86.1862  
21.9660 -8.9267 25.8418  
21.9800 -8.7748 -7.7510  
22.0320 -8.3378 55.9357  
22.0470 -7.5644 153.6120  
22.0980 -6.4515 51.8795  
22.1140 -5.0900 143.2803  
22.1640 -3.6408 15.4094  
22.1800 -2.0426 106.6310  
22.2310 -0.4761 11.1655  
22.2470 1.0399 43.8230  
22.2990 2.6176 38.2121  
22.3130 4.0136 -137.4906  
22.3650 5.0695 -9.4710  
22.3800 5.8280 -44.7368  
22.4310 6.2016 -23.5584  
22.4470 6.2162 -81.1882  
22.4810 5.9648 -55.5432  
22.5140 5.2795 -79.7903  
22.5650 4.2883 -48.8200  
22.5800 2.9475 -186.3084  
22.6310 1.2653 -27.9917  
22.6470 -0.2268 -1.4321  
22.6980 -1.7856 -22.7427  
22.7130 -3.3675 -60.1344  
22.7640 -4.8741 -8.8017  
22.7810 -6.6007 -205.8173  
22.8160 -7.7445 112.5695  
22.8640 -8.5575 14.0549  
22.8800 -9.0199 63.5126  
22.9320 -9.0810 23.4261  
22.9470 -8.9896 6.5007  
23.0010 -8.6470 46.1080  
23.0150 -8.0008 133.9425  
23.0650 -7.0109 50.7053  
23.0800 -5.7989 118.1423  
23.1310 -4.0726 32.2323  
23.1470 -2.5784 101.2364  
23.1990 -1.0647 16.7126  
23.2130 0.4116 45.8438  
23.2650 1.8567 17.4407  
23.2800 3.2939 1.2255  
23.3310 4.3896 -18.1431  
23.3490 5.2305 -37.4103  
23.3980 5.7534 -13.1525  
23.4140 5.9063 -120.4803  
23.4490 5.7985 -27.5147  
23.4810 5.2816 -77.2267  
23.5310 4.4249 -50.5833  
23.5470 3.2891 -134.2725  
23.5980 1.8441 -42.8619  
23.6130 0.4103 8.6651  
23.6660 -1.0660 -25.4580  
23.6800 -2.5765 -72.5858  
23.7310 -4.0901 -13.2281  
23.7470 -5.2163 121.5950  
23.7980 -6.4601 -41.9317  
23.8130 -7.3989 38.5776  
23.8650 -8.0026 15.8124  
23.8800 -8.2794 74.6783  
23.9320 -8.2021 26.0457  
23.9470 -8.1110 17.9176  
23.9980 -7.5560 64.5047  
24.0140 -6.7409 99.0482  
24.0650 -5.6039 49.8802  
24.0800 -4.5339 85.0659  
24.1140 -3.0517 58.3352  
24.1640 -1.5285 19.7873  
24.1800 -0.0232 40.1603  
24.2310 1.4242 10.5999  
24.2980 2.7205 -2.3215  
24.3130 3.9226 -44.9097  
24.3640 4.7411 -10.7283  
24.3800 5.2371 -102.4708  
24.4320 5.3914 -16.7916  
24.4470 5.1972 -147.2180  
24.4820 4.5514 -72.3864  
24.5140 3.6137 -60.2875  
24.5660 2.4524 -30.6490  
24.5880 1.1018 -61.4500  
24.6130 -0.3551 -48.7642  
24.6650 -1.8560 -21.4114  
24.6800 -3.3792 -51.3658  
24.7140 -4.7815 -12.6546  
24.7640 -6.3474 -50.1697  
24.7800 -7.4178 171.6158  
24.8320 -8.1624 13.9303  
24.8470 -8.6175 64.4307  
24.8810 -8.7720 41.5186  
24.9310 -8.7786 2.5614  
24.9470 -8.4353 142.4155  
24.9980 -7.7680 41.7087  
25.0140 -6.7697 158.7101  
25.0640 -5.5588 33.9304  
25.0800 -3.9326 102.7580  
25.1320 -2.3997 34.8520  
25.1470 -0.8845 36.5028  
25.1800 0.5917 17.4922  
25.2310 1.8590 -13.3025  
25.2470 3.3451 144.8057  
25.2990 4.4107 -37.0609  
25.3130 5.2058 -41.2085  
25.3650 5.6825 -12.4086  
25.3800 5.7776 -141.3107  
25.4310 5.5875 -23.6830  
25.4490 4.9651 -139.4148  
25.4810 4.0476 -75.1530  
25.5320 2.9505 -23.8912  
25.5470 1.7702 -100.6690  
25.5810 0.2361 -35.9088  
25.6310 -1.2359 -26.1441  
25.6470 -2.7369 -54.1110  
25.6990 -4.2261 -10.1483  
25.7130 -5.4990 3.0746  
25.7650 -6.6605 -1.8013  
25.7800 -7.5132 38.5559  
25.8140 -8.0335 27.0411  
25.8480 -8.3199 32.9674  
25.8980 -8.3199 27.0718  
25.9140 -8.0878 68.7167  
25.9480 -7.5386 54.8324  
25.9810 -6.6616 73.1133  
26.0320 -5.4790 49.5726  
26.0470 -4.1406 106.6829  
26.0980 -2.6464 28.7331  
26.1140 -1.1327 48.2766  
26.1650 0.3436 10.7050  
26.1800 1.8993 127.6332  
26.2140 3.4949 51.5528  
26.2470 4.6427 -102.3798  
26.2990 5.5271 -14.8011  
26.3140 6.1154 -36.5295  
26.3650 6.2678 -35.9149  
26.3800 6.1753 -56.5661  
26.4320 5.7120 -43.1197  
26.4470 4.9168 -169.7884  
26.4980 3.9481 -23.3043  
26.5130 2.4384 -233.0652  
26.5650 0.7785 4.8141  
26.5830 -0.6785 -74.9122  
26.6140 -2.1601 -32.8046  
26.6480 -3.6544 -19.8260  
26.6810 -5.0034 -11.4844  
26.7150 -6.2632 1.3044  
26.7650 -7.2652 6.6927  
26.7800 -7.9304 54.7975  
26.8310 -8.3744 20.0594  
26.8470 -8.3333 84.6824  
26.8810 -8.3002 5.0055  
26.9140 -7.8680 80.1092  
26.9470 -7.1345 60.4690  
26.9990 -6.0788 48.9889  
27.0140 -4.8343 100.6429  
27.0500 -3.4394 43.0020  
27.0840 -1.9161 47.5934  
27.1140 -0.4268 16.1047  
27.1650 1.0244 12.5700  
27.1800 2.4132 48.7461  
27.2140 3.7119 -21.5056  
27.2650 4.6980 -9.4366  
27.2800 5.4204 -42.8628  
27.3150 5.8162 -20.4963  
27.3650 5.8356 -45.1100  
27.3800 5.5700 -86.7223  
27.4150 4.8880 -72.7629  
27.4480 3.9698 -56.9014  
27.4810 2.6764 -94.3005  
27.5140 1.3069 -0.8865  
27.5650 -0.1114 -23.9237  
27.5800 -1.5931 -74.2890  
27.6140 -3.1067 -28.3044  
27.6480 -4.5917 -12.6768  
27.6980 -5.9509 -19.9585  
27.7140 -7.0661 71.2331  
27.7480 -7.8638 18.4682  
27.7810 -8.3770 29.2867  
27.8140 -8.4476 39.8455  
27.8510 -8.5007 3.9422  
27.8810 -8.2225 69.7754  
27.9150 -7.6068 66.4559  
27.9480 -6.6546 72.8266  
27.9800 -5.4822 55.3528  
28.0320 -4.0456 31.6124  
28.0470 -2.5417 120.8529  
28.0810 -1.0330 19.8836  
28.1150 0.4337 16.0459  
28.1480 1.8392 21.3423  
28.1810 3.3287 29.8370  
28.2140 4.4399 -51.1794  
28.2480 5.2706 -16.0459  
28.2830 5.7838 -22.0730  
28.3140 5.9288 -61.6066  
28.3480 5.8100 -29.2403  
28.3810 5.2739 -71.5490  
28.4320 4.4154 -49.9521  
28.4470 3.3020 -133.5044  
28.4980 2.0221 -18.8630  
28.5140 0.5215 -76.3575  
28.5480 -0.9452 -39.6846  
28.5810 -2.4396 -24.9601  
28.6140 -3.9193 -18.9293  
28.6640 -5.0278 36.0353  
28.6800 -6.2413 -127.7656  
28.7140 -7.1705 14.1769  
28.7480 -7.7530 27.0334  
28.7810 -8.0329 31.0243  
28.8150 -8.0812 39.8267  
28.8480 -7.8358 51.9658  
28.8810 -7.3343 36.7156  
28.9140 -6.5043 74.6058  
28.9480 -5.3909 64.9515  
28.9810 -4.3211 41.4071  
29.0140 -2.8615 56.1727  
29.0480 -1.3575 27.2283  
29.0810 0.1222 20.5007  
29.1140 1.5539 16.4849  
29.1470 2.9820 39.9217  
29.1810 4.0972 -41.5803  
29.2140 5.0271 -19.4263  
29.2480 5.6432 -19.8905  
29.2820 5.8955 -42.0687  
29.3140 5.8375 -54.2539  
29.3540 5.4353 -39.6923  
29.3810 4.6996 -89.2348  
29.4150 3.6813 -63.2516  
29.4480 2.4911 -35.5742  
29.4810 1.0340 -40.9531  
29.5160 -0.4132 -37.6002  
29.5470 -1.8982 -32.8210  
29.5810 -3.4021 -25.4839  
29.6150 -4.7913 -8.3383  
29.6510 -5.9865 5.6837  
29.6810 -7.0150 2.6296  
29.7150 -7.7398 18.4875  
29.7480 -8.1335 35.1182  
29.7810 -8.2880 36.9426  
29.8150 -8.2816 7.5672  
29.8470 -7.8326 97.1924  
29.8980 -7.1449 26.8511  
29.9140 -6.1295 150.6900  
29.9470 -4.9235 49.1443  
29.9810 -3.5681 49.9751  
30.0140 -2.0641 47.3930  
30.0480 -0.5651 17.0475  
30.0820 0.8822 18.8659  
30.1140 2.1175 -28.1629  
30.1480 3.4365 32.2084  
30.1810 4.3963 -14.6253  
30.2140 5.1548 -19.4716  
30.2480 5.6211 -15.0557  
30.2810 5.6968 -69.1995  
30.3150 5.4822 -35.4297  
30.3480 4.8867 -68.0149  
30.3810 3.9783 -77.2695  
30.4140 2.8906 -34.8650  
30.4480 1.7230 -50.0336  
30.4810 0.3334 -34.0793  
30.5140 -1.1290 -36.7078  
30.5480 -2.6234 -28.2827  
30.5810 -4.1098 -13.0955  
30.6480 -5.3679 0.0000  
30.6820 -6.4430 18.3726  
30.7150 -7.2113 24.9601  
30.7480 -7.5993 37.9706  
30.7810 -7.7501 37.0134  
30.8140 -7.5398 57.8613  
30.8480 -7.1094 31.6841  
30.8820 -6.3091 73.1647  
30.9150 -5.2376 53.0139  
30.9490 -3.9586 48.3369  
30.9820 -2.4693 63.7292  
31.0140 -0.9661 23.8561  
31.0470 0.5005 13.8851  
31.0810 1.8863 13.0694  
31.1140 3.4293 84.6638  
31.1480 4.4672 -92.4121  
31.1810 5.3477 -15.0240  
31.2140 5.9166 -19.0603  
31.2480 6.1274 -53.8798  
31.2850 6.0102 -44.2085  
31.3140 5.5141 -58.1776  
31.3480 4.7038 -69.9386  
31.3810 3.7255 -37.0173  
31.4140 2.5005 -61.3053  
31.4470 0.8642 -39.9624  
31.4810 -0.5928 -39.6677  
31.5140 -2.0922 -27.8931  
31.5470 -3.6069 -23.6870  
31.5810 -4.9509 -3.6704  
31.6140 -6.1415 -3.0987  
31.6480 -7.1363 7.9944  
31.6820 -7.7951 28.8660  
31.7140 -8.2255 33.1778  
31.7480 -8.3221 38.7129  
31.7810 -8.2758 3.3309  
31.8140 -7.8328 79.3368  
31.8480 -7.0731 66.0477  
31.8810 -6.0067 69.2847  
31.9140 -4.7769 45.7468  
31.9480 -3.3841 44.8964  
31.9810 -1.8643 46.7635  
32.0140 -0.3787 19.3517  
32.0470 1.0554 16.5481  
32.0810 2.4888 38.5370  
32.1140 3.7802 -39.7048  
32.1480 4.7461 -18.7515  
32.1820 5.4326 -16.0924  
32.2140 5.7459 -45.2140  
32.2480 5.7445 -48.1322  
32.2820 5.4670 -36.3132  
32.3150 4.7950 -72.7954  
32.3480 3.8498 -63.4381  
32.3810 2.7018 -44.8982  
32.4140 1.1430 -84.7745  
32.4480 -0.2718 3.8246  
32.4810 -1.7342 -33.7677  
32.5150 -3.2285 -25.4706  
32.5480 -4.6213 -13.0724  
32.5810 -6.4943 -195.1241  
32.6150 -7.5858 193.5694  
32.6480 -8.3695 20.4323  
32.6820 -8.8423 29.9027  
32.7150 -9.0450 36.9280  
32.7480 -8.9630 1.5287  
32.7810 -8.6604 70.7751  
32.8140 -8.0440 61.3174  
32.8480 -7.0880 74.4029  
32.8810 -5.8704 66.2278  
32.9150 -3.9089 29.3772  
32.9480 -2.4243 54.9408  
32.9810 -0.9253 24.7730  
33.0150 0.5220 14.7238  
33.0480 1.9414 28.4733  
33.0810 3.3691 4.0240  
33.1150 4.4463 -34.3719  
33.1470 5.2635 -18.0320  
33.1810 5.7440 -24.6423  
33.2140 5.8228 -55.4758  
33.2480 5.6992 -30.1467  
33.2810 5.1459 -75.2975  
33.3140 4.2838 -68.7920  
33.3480 3.2600 -32.8200  
33.3810 1.8162 -98.8104  
33.4140 0.3773 5.4940  
33.4480 -1.0660 -35.6420  
33.4810 -2.5477 -29.1252  
33.5140 -4.0081 -18.9293  
33.5490 -5.0866 56.7908  
33.5810 -6.2805 -68.1105  
33.6150 -7.1733 15.5210  
33.6470 -7.7567 25.7129  
33.6820 -8.1165 32.0186  
33.7140 -8.0244 39.2894  
33.7480 -7.8845 19.4197  
33.7820 -7.3978 66.3508  
33.8150 -6.5754 72.6046  
33.8470 -5.4890 62.9773  
33.8810 -4.3537 72.8506  
33.9150 -2.9245 22.3258  
33.9480 -1.4302 35.7365  
33.9810 0.0426 18.3978  
34.0150 1.4514 14.1468  
34.0470 3.8318 342.8996  
34.0810 5.0332 -327.3312  
34.1150 5.9513 -16.9777  
34.1480 6.5750 -16.5922  
34.1810 6.8237 -52.5943  
34.2150 6.7412 -24.5389  
34.2480 6.3641 -66.2888  
34.2810 5.6168 -76.4187  
34.3150 4.6174 -56.3169  
34.3470 3.4308 -43.4491  
34.3810 1.0118 -39.7551  
34.4140 -0.4162 -36.9500  
34.4480 -1.8882 -29.9250  
34.4820 -3.3825 -22.6493  
34.5140 -4.7413 -11.8712  
34.5490 -6.0226 -1.7203  
34.5810 -7.0508 10.7410  
34.6140 -7.7639 19.0477  
34.6480 -8.1697 34.0853  
34.6810 -8.3049 39.8721  
34.7150 -8.1819 36.1577  
34.7480 -7.7241 64.5444  
34.7810 -7.0358 38.9932  
34.8150 -6.0166 74.6809  
34.8480 -4.8106 45.0825  
34.8810 -3.4438 46.8976  
34.9140 -1.9496 49.0594  
34.9480 -0.4408 22.7301  
34.9820 1.0167 19.0310  
35.0150 2.1551 -56.8350  
35.0480 3.3656 59.1075  
35.0820 4.3069 -16.5366  
35.1140 5.0552 -20.0919  
35.1490 5.4241 -35.8373  
35.1820 5.4903 -46.6910  
35.2140 5.2784 -38.5128  
35.2480 4.6526 -74.1059  
35.2810 3.7272 -67.3870  
35.3150 2.5180 -64.4339  
35.3480 1.3209 -53.1720  
35.3810 -0.0863 -4.5591  
35.4150 -1.5626 -36.8784  
35.4470 -3.0570 -25.7129  
35.4820 -4.4786 -15.0775  
35.5140 -5.4512 92.2041  
35.5480 -6.5910 -85.4323  
35.5810 -7.4257 16.0950  
35.6170 -7.9317 29.5346  
35.6480 -8.1065 36.1738  
35.6810 -7.9705 41.0026  
35.7150 -7.6902 38.0096  
35.7490 -7.1192 48.6367  
35.7810 -6.2264 74.8412  
35.8150 -5.1023 52.5362  
35.8480 -4.1088 49.7981  
35.8820 -2.6338 56.1855  
35.9150 -1.1251 26.3306  
35.9480 0.3223 13.6284  
35.9820 1.7698 33.0046  
36.0150 3.2257 43.5802  
36.0480 4.3157 -71.7531  
36.0820 5.1730 -19.8017  
36.1150 5.7262 -19.5411  
36.1490 5.9178 -53.8580  
36.1820 5.8472 -29.6318  
36.2150 5.3533 -70.4012  
36.2480 4.5342 -72.1864  
36.2810 3.5560 -34.6282  
36.3140 2.2631 -61.3204  
36.3480 0.7009 -36.9374  
36.3810 -0.7561 -39.8520  
36.4150 -2.2378 -27.0647  
36.4480 -3.7224 -20.4323  
36.4810 -4.9925 9.5127  
36.5150 -6.2040 -11.5233  
36.5480 -7.1658 5.2810  
36.5820 -7.8071 24.1754  
36.6150 -8.2222 33.9376  
36.6470 -8.3091 39.3127  
36.6820 -8.1281 40.6715  
36.7140 -7.6395 55.0253  
36.7480 -6.8824 51.8925  
36.7820 -5.8042 74.6266  
36.8140 -4.6290 40.1155  
36.8490 -3.2598 44.2262  
36.8810 -1.7559 47.5585  
36.9150 -0.2794 16.1042  
36.9480 1.2466 48.9384  
37.0320 2.6575 1.2754  
37.0470 3.7539 -114.8068  
37.0810 4.6194 -16.1042  
37.1140 5.1446 -49.6757  
37.1480 5.2729 -42.0733  
37.1810 5.1312 -42.9472  
37.2150 4.5810 -74.6267  
37.2480 3.6513 -68.8595  
37.2810 2.5670 -30.2561  
37.3150 1.0535 -78.7478  
37.3480 -0.4697 0.3009  
37.3820 -1.9366 -34.0610  
37.4150 -3.4212 -21.9968  
37.4480 -4.7851 -13.0724  
37.4860 -6.4023 -104.3044  
37.5140 -7.4671 146.6367  
37.5480 -8.2155 18.4778  
37.5820 -8.6399 28.4182  
37.6150 -8.8330 39.8520  
37.6480 -8.7320 7.9788  
37.6820 -8.4309 59.1604  
37.7150 -7.7973 65.6534  
37.7490 -6.8548 69.5251  
37.7840 -5.6919 50.6083  
37.8150 -3.9877 46.7846  
37.8480 -2.5031 57.8729  
37.8810 -1.0168 19.5411  
37.9150 0.4209 14.1414  
37.9480 1.8737 44.4198  
37.9810 3.3261 7.8391  
38.0150 4.3952 -53.5512  
38.0470 5.1900 -18.0255  
38.0820 5.6935 -15.6901  
38.1150 5.8079 -64.2321  
38.1480 5.6689 -32.8399  
38.1820 5.1022 -69.6033  
38.2150 4.2307 -72.8659  
38.2480 3.2139 -29.4313  
38.2810 1.8673 -55.5017  
38.3150 0.3728 -35.9248  
38.3480 -1.0553 -35.0459  
38.3820 -2.5178 -27.0647  
38.4140 -3.9878 -19.5209  
38.4490 -5.2493 -0.9964  
38.4810 -6.3990 1.0898  
38.5140 -7.2592 16.0128  
38.5480 -7.7965 24.2174  
38.5810 -8.1247 33.9739  
38.6150 -8.1536 34.1239  
38.6480 -7.8793 54.9069  
38.6810 -7.3829 32.2167  
38.7150 -6.5744 64.7545  
38.7490 -5.4817 65.1985  
38.7810 -4.2476 43.1182  
38.8150 -2.7759 70.8927  
38.8480 -1.3009 17.0460  
38.8820 0.1370 13.2519  
38.9150 1.6596 59.6827  
38.9480 3.5556 148.3017  
38.9820 4.6226 -190.5487  
39.0150 5.5255 -17.4889  
39.0480 6.1535 -16.6043  
39.0820 6.3921 -49.3052  
39.1140 6.3233 -52.9596  
39.1490 5.8584 -44.3226  
39.1810 5.1006 -73.9408  
39.2150 4.1800 -34.6120  
39.2480 2.8603 -61.2908  
39.2820 0.8051 -72.3621  
39.3150 -0.6037 -0.4335  
39.3480 -2.0565 -30.8397  
39.3820 -3.5315 -22.6434  
39.4150 -4.8674 -8.6467  
39.4480 -6.1403 -32.2658  
39.4820 -7.1231 39.7092  
39.5140 -7.8063 19.6637  
39.5480 -8.2561 34.0690  
39.5810 -8.3816 36.9576  
39.6150 -8.1355 36.9123  
39.6490 -7.7561 38.8234  
39.6810 -7.0644 65.7747  
39.7180 -6.0544 65.1920  
39.7480 -4.8647 50.4295  
39.7820 -3.4040 48.3728  
39.8150 -1.9290 45.2556  
39.8480 -0.4622 16.6043  
39.8810 0.9466 17.4889  
39.9150 2.1496 -24.6589  
39.9480 3.4851 78.2211  
39.9820 4.4760 -62.5800  
40.0140 5.2112 -14.0802  
40.0480 5.6471 -17.1308  
40.0820 5.7054 -66.5333  
40.1150 5.4221 -53.6726  
40.1480 4.7959 -58.6835  
40.1810 3.8734 -73.1503  
40.2150 2.7988 -27.7600  
40.2480 1.6442 -49.6798  
40.2810 0.1093 -36.9970  
40.3150 -1.3285 -34.0300  
40.3480 -2.8036 -24.9513  
40.3810 -4.2733 -16.0128  
40.4480 -5.5217 -0.7403  
40.4820 -6.5302 18.4778  
40.5150 -7.2580 26.3547  
40.5480 -7.6130 39.8455  
40.5810 -7.7411 40.1587  
40.6150 -7.6077 28.6940  
40.6480 -7.1472 62.0932  
40.6820 -6.3561 63.2329  
40.7150 -5.2943 57.0753  
40.7480 -4.0020 53.8126  
40.7820 -2.5271 52.2851  
40.8140 -1.0473 21.1192  
40.8480 0.4000 16.0691  
40.8820 1.8965 53.0918  
40.9140 3.3528 28.9072  
40.9490 4.4387 -78.0044  
40.9810 5.2746 -14.0543  
41.0150 5.8279 -19.8802  
41.0490 6.0244 -49.5746  
41.0810 5.9300 -35.3767  
41.1140 5.4266 -70.1159  
41.1480 4.6301 -66.2832  
41.1820 3.6615 -34.5841  
41.2150 2.3196 -58.3892  
41.2490 0.7597 -36.9246  
41.2810 -0.6587 -41.1111  
41.3150 -2.1243 -27.0808  
41.3480 -3.5896 -20.4214  
41.3820 -4.8144 21.1806  
41.4140 -6.0219 -29.9762  
41.4480 -6.9452 15.5314  
41.4820 -7.5705 21.3681  
41.5150 -7.9661 33.9591  
41.5490 -8.0433 36.9783  
41.5850 -7.8526 39.5642  
41.6150 -7.3973 44.3074  
41.6480 -6.6353 65.0870  
41.6820 -5.5629 71.4194  
41.7140 -4.4245 43.1713  
41.7480 -3.0356 45.4420  
41.7810 -1.5606 42.1203  
41.8150 -0.1131 13.2641  
41.8480 1.2801 17.4922  
41.9160 2.5475 0.0000  
41.9480 3.6148 -18.0388  
41.9820 4.5041 -13.2641  
42.0150 5.0226 -47.2682  
42.0480 5.1410 -47.6405  
42.0820 4.9766 -42.5684  
42.1150 4.4168 -72.9870  
42.1490 3.5670 -44.4192  
42.1820 2.4827 -57.3814  
42.2150 1.2056 -40.9400  
42.2480 -0.1935 -36.9730  
42.2810 -1.6507 -35.0850  
42.3150 -3.1257 -18.5267  
42.3480 -4.4880 -13.0955  
42.3820 -5.9862 -86.2130  
42.4150 -7.0322 93.1643  
42.4480 -7.7745 19.0577  
42.4820 -8.2595 31.2410  
42.5150 -8.4236 39.8721  
42.5490 -8.3271 36.9184  
42.5820 -7.9942 34.6654  
42.6150 -7.3457 60.5320  
42.6490 -6.4089 66.2858  
42.6820 -5.2556 52.5020  
42.7140 -3.6505 49.5660  
42.7490 -2.1755 50.6825  
42.7810 -0.7086 17.1358  
42.8140 0.7002 14.5700  
42.8490 2.1435 47.4461  
42.8810 3.4866 7.9267  
42.9150 4.5143 -59.1313  
42.9480 5.2875 -16.5680  
42.9820 5.7816 -15.8303  
43.0150 5.9018 -60.7975  
43.0480 5.6852 -53.9822  
43.0820 5.1221 -49.7320  
43.1150 4.2629 -73.1114  
43.1500 3.2558 -28.5461  
43.1810 1.8994 -59.0745  
43.2140 0.3859 -39.9383  
43.2490 -1.0422 -33.0433  
43.2810 -2.4980 -25.7493  
43.3150 -3.9530 -15.5628  
43.3820 -5.2168 -1.4308  
43.4150 -6.2497 16.0236  
43.4480 -7.0311 24.9601  
43.4820 -7.4495 35.8281  
43.5150 -7.6519 35.1449  
43.5490 -7.4900 53.3060  
43.5820 -7.0875 32.9582  
43.6160 -6.3424 66.7270  
43.6480 -5.3318 57.2710  
43.6820 -4.0981 50.0197  
43.7150 -2.6338 66.9876  
43.7480 -1.1780 13.4473  
43.7810 0.2405 13.6661  
43.8150 1.7415 60.0593  
43.8480 3.5982 142.9734  
43.8810 4.6266 -196.1091  
43.9150 5.4981 -14.1414  
43.9480 6.0879 -16.6165  
43.9820 6.3371 -46.2676  
44.0150 6.2365 -54.4730  
44.0480 5.7694 -44.0952  
44.0820 5.0207 -69.7485  
44.1150 4.0986 -38.8822  
44.1480 2.7812 -57.9074  
44.1810 0.8664 -38.0308  
44.2140 -0.5231 -36.9576  
44.2480 -1.9759 -32.7605  
44.2820 -3.4412 -19.8155  
44.3150 -4.7778 -8.6467  
44.3480 -5.9284 1.8998  
44.3810 -6.9111 6.7469  
44.4150 -7.5842 21.3499  
44.4480 -8.0266 31.0086  
44.4820 -8.1424 39.8425  
44.5150 -8.0098 37.2711  
44.5480 -7.5519 61.5995  
44.5820 -6.8183 48.3194  
44.6150 -5.8087 63.2233  
44.6480 -4.6315 42.1535  
44.6820 -3.3155 42.6674  
44.7150 -1.8405 54.9256  
44.7490 -0.3929 13.2887  
44.7820 0.9971 13.5525  
44.8150 2.1789 -22.0449  
44.8490 3.4745 69.6496  
44.8820 4.3773 -57.4414  
44.9150 5.0610 -16.5922  
44.9490 5.3973 -40.8100  
44.9820 5.4346 -48.4618  
45.0150 5.2046 -37.0514  
45.0480 4.5519 -73.1576  
45.0820 3.6268 -66.8153  
45.1150 2.5652 -27.8160  
45.1500 1.4124 -46.8477  
45.1820 -0.0896 -35.1353  
45.2150 -1.5178 -35.0612  
45.2480 -2.9736 -24.9513  
45.2820 -4.3434 -15.5418  
45.3490 -5.5487 0.6986  
45.3820 -6.5643 20.4268  
45.4150 -7.2464 27.8931  
45.4480 -7.5891 33.9968  
45.4820 -7.7048 39.7823  
45.5150 -7.4753 54.9441  
45.5490 -7.0339 29.2135  
45.5820 -6.2294 74.9994  
45.6150 -5.1772 50.0818  
45.6480 -3.9079 49.7981  
45.6820 -2.4426 59.0232  
45.7150 -0.9897 16.6410  
45.7480 0.4287 17.4792  
45.7810 1.8840 45.1367  
45.8150 3.3510 43.2478  
45.8480 4.3407 -89.6950  
45.8820 5.1830 -14.1389  
45.9150 5.7133 -19.5529  
45.9480 5.8759 -61.3160  
45.9810 5.7108 -49.5435  
46.0150 5.1805 -48.3707  
46.0480 4.3549 -72.8534  
46.0820 3.3766 -27.9342  
46.1150 2.0566 -58.4039  
46.1490 0.4674 -35.9412  
46.1820 -0.9511 -37.9543  
46.2150 -2.4135 -27.8931  
46.2490 -3.8788 -19.8260  
46.2820 -5.0175 37.6885  
46.3150 -6.1119 -36.1517  
46.3480 -7.0276 4.3034  
46.3820 -7.6207 24.1920  
46.4150 -8.0068 33.9518  
46.4490 -8.0744 36.9855  
46.4850 -7.8677 42.2477  
46.5150 -7.3325 67.7302  
46.5490 -6.5726 39.0523  
46.5820 -5.4912 76.9815  
46.6160 -4.4089 36.8260  
46.6480 -3.0525 48.3773  
46.6820 -1.5679 41.9129  
46.7150 -0.1107 16.5922  
46.7480 1.3634 39.0988  
46.8190 2.6213 -12.7536  
46.8480 3.6886 -13.2674  
46.8820 4.4882 -18.9437  
46.9150 4.9912 -49.6687  
46.9480 5.0959 -43.7433  
46.9820 4.9311 -42.3960  
47.0150 4.3717 -72.6873  
47.0480 3.4749 -59.0358  
47.0820 2.2906 -68.4687  
47.1150 0.9326 -13.5577  
47.1480 -0.4569 -36.9653  
47.1840 -1.9141 -29.4845  
47.2150 -3.3795 -23.4260  
47.2480 -4.7241 -13.0839  
47.2820 -6.0806 -45.9326  
47.3150 -7.1032 57.4896  
47.3480 -7.8230 19.0678  
47.3820 -8.2514 28.3975  
47.4150 -8.3155 39.8721  
47.4480 -8.2093 38.0371  
47.4820 -7.7901 56.1964  
47.5150 -7.1404 37.6642  
47.5480 -6.1806 71.9494  
47.5820 -5.0177 47.0552  
47.6150 -3.5439 46.8851  
47.6490 -2.0882 50.4789  
47.6810 -0.6279 21.1228  
47.7150 0.8011 19.1542  
47.7490 1.9946 -30.5482  
47.7820 3.2430 54.6691  
47.8150 4.1940 -32.2165  
47.8480 4.9660 -16.5680  
47.8820 5.4287 -21.1581  
47.9160 5.5254 -60.5907  
47.9390 5.3665 -43.8338  
47.9810 4.7864 -59.4436  
48.0150 3.9148 -65.8175  
48.0480 2.7759 -61.3005  
48.0810 1.5364 -61.9536  
48.1140 0.1176 0.3494  
48.1480 -1.3105 -34.0151  
48.1820 -2.7760 -27.0647  
48.2150 -4.2370 -20.4323  
48.2480 -5.1383 107.1378  
48.2820 -6.2925 -103.9867  
48.3150 -7.1295 20.4323  
48.3490 -7.6604 24.2260  
48.3820 -7.8769 33.9814  
48.4150 -7.7536 41.0026  
48.4480 -7.4598 51.9960  
48.4820 -6.8667 54.0395  
48.5150 -6.0314 45.5079  
48.5480 -4.9012 68.9157  
48.5820 -3.9998 36.7007  
48.6150 -2.5850 48.4492  
48.6480 -1.1196 35.7769  
48.6810 0.3182 16.5680  
48.7150 1.6788 10.2887  
48.7480 3.2074 91.8858  
48.7830 4.2453 -91.1324  
48.8150 5.0450 -17.0610  
48.8480 5.6172 -23.4069  
48.8820 5.8078 -45.3565  
48.9150 5.7799 -28.3901  
48.9490 5.3632 -67.3441  
48.9820 4.6036 -68.1135  
49.0150 3.5791 -63.7204  
49.0480 2.3114 -63.1082  
49.0810 0.7055 -10.5526  
49.1150 -0.6936 -33.0278  
49.1480 -2.1399 -30.8397  
49.1820 -3.5859 -22.6434  
49.2150 -4.8968 -5.7557  
49.2490 -6.1285 -4.2796  
49.2820 -7.0880 13.0839  
49.3150 -7.7502 22.0062  
49.3490 -8.0959 31.2189  
49.3820 -8.1114 36.9653  
49.4150 -7.9570 40.9465  
49.4520 -7.5636 34.2328  
49.4820 -6.8584 69.9836  
49.5150 -5.8358 72.8742  
49.5490 -4.6488 42.7689  
49.5820 -3.3022 43.9684  
49.6150 -1.8464 46.1343  
49.6480 -0.3893 22.4429  
49.6820 1.0002 11.3163  
49.7150 1.9507 -96.0564  
49.7480 3.1024 101.8894  
49.7840 4.0696 -16.0345  
49.8150 4.7818 -14.5478  
49.8480 5.1089 -43.8438  
49.8820 5.1364 -45.3030  
49.9150 4.8991 -36.3173  
49.9480 4.2557 -76.9154  
49.9820 3.3139 -65.9569  
50.0150 2.1151 -66.2575  
50.0480 1.1935 -12.0211  
50.0830 -0.1863 -34.8752  
50.1180 -1.6241 -33.0651  
50.1480 -3.0896 -24.2277  
50.1820 -4.4536 -12.7215  
50.2150 -5.9670 -91.9437  
50.2480 -7.0524 93.3767  
50.2820 -7.8165 19.8207  
50.3150 -8.2740 24.9780  
50.3480 -8.3813 39.8586  
50.3840 -8.3234 34.8792  
50.4150 -8.0378 34.0940  
50.4490 -7.4456 56.1088  
50.4820 -6.5453 71.3386  
50.5150 -5.4402 48.9526  
50.5490 -3.8674 48.3369  
50.5820 -2.4117 57.8804  
50.6150 -0.9589 19.5529  
50.6480 0.4692 17.4824  
50.6820 1.8589 27.4137  
50.7150 3.2994 53.4033  
50.7490 4.3647 -79.2463  
50.7820 5.1815 -17.4824  
50.8150 5.6984 -19.5529  
50.8490 5.8610 -56.6819  
50.8820 5.7558 -31.3618  
50.9150 5.2389 -66.8733  
50.9490 4.4195 -70.0067  
50.9820 3.4316 -33.5673  
51.0150 2.1674 -55.4799  
51.0490 0.6143 -33.1204  
51.0850 -0.8041 -37.4561  
51.1150 -2.2569 -30.6915  
51.1490 -3.6982 -15.5734  
51.1820 -5.0247 -23.6238  
51.2160 -6.1938 15.8471  
51.2490 -7.0940 14.5945  
51.2820 -7.6739 24.9513  
51.3150 -8.0310 33.9739  
51.3480 -8.0889 35.1580  
51.3820 -7.8821 44.7483  
51.4150 -7.4041 41.2868  
51.4490 -6.6412 56.7587  
51.4820 -5.5699 77.3622  
51.5150 -4.2998 36.6640  
51.5490 -2.9128 50.2053  
51.5820 -1.4473 38.3639  
51.6150 -0.0067 17.4337  
51.6490 1.3636 12.2890  
51.7150 2.6021 -2.3849  
51.7490 3.6540 -10.1333  
51.7820 4.5013 -20.7366  
51.8150 4.9917 -49.6687  
51.8490 5.0824 -42.4568  
51.8820 4.9076 -43.7958  
51.9150 4.3362 -68.4396  
51.9490 3.4993 -40.8922  
51.9820 2.3833 -67.1136  
52.0150 0.9963 -69.4634  
52.0480 -0.3836 -2.6064  
52.0810 -1.8308 -30.8556  
52.1150 -3.2988 -26.2227  
52.1480 -4.6193 -5.0027  
52.1820 -6.0405 -72.0474  
52.2160 -7.0567 76.6080  
52.2480 -7.7664 25.1719  
52.2820 -8.2450 27.1055  
52.3150 -8.3705 39.8860  
52.3490 -8.1509 34.0700  
52.3820 -7.7220 60.8379  
52.4180 -7.0616 35.9977  
52.4490 -6.0859 72.9657  
52.4820 -4.8679 68.4237  
52.5150 -3.3216 25.2343  
52.5490 -1.8526 53.8724  
52.5820 -0.4094 16.6043  
52.6150 0.9897 14.5727  
52.6490 2.2325 -7.2611  
52.6820 3.4073 14.4789  
52.7160 4.3293 -15.2800  
52.7490 5.0767 -13.6535  
52.7820 5.5486 -14.9556  
52.8150 5.5889 -62.3525  
52.8490 5.3588 -55.0412  
52.8820 4.7727 -52.3537  
52.9150 3.8905 -73.1350  
52.9480 2.8444 -35.0966  
52.9820 1.5685 -74.8553  
53.0150 0.2233 -6.5063  
53.0490 -1.1855 -34.0078  
53.0820 -2.6318 -24.9780  
53.1160 -4.0816 -15.5734  
53.1490 -5.2923 10.1047  
53.1820 -6.3540 -11.5611  
53.2150 -7.1852 17.5017  
53.2490 -7.6926 24.2434  
53.2820 -7.9721 33.9968  
53.3150 -7.8617 40.9879  
53.3490 -7.5582 50.4822  
53.3820 -6.9748 49.8118  
53.4160 -6.1458 47.9604  
53.4490 -5.0792 55.9590  
53.4810 -3.8666 56.0751  
53.5190 -2.4181 52.0031  
53.5480 -0.9816 15.8228  
53.5820 0.4273 16.0924  
53.6150 1.8357 33.8587  
53.6480 3.2447 41.1923  
53.6820 4.2537 -67.1855  
53.7150 5.0437 -16.5560  
53.7490 5.6224 -14.2001  
53.7820 5.8386 -53.8480  
53.8160 5.7075 -49.4016  
53.8510 5.2284 -42.9496  
53.8810 4.4791 -74.7862  
53.9150 3.5508 -36.5642  
53.9480 2.3163 -58.9306  
53.9820 0.8203 -36.9123  
54.0150 -0.5692 -36.9576  
54.0490 -2.0059 -29.9326  
54.0820 -3.4616 -20.4107  
54.1160 -4.8545 -33.7931  
54.1490 -6.0911 -3.5163  
54.1820 -7.0412 41.2515  
54.2160 -7.6846 24.2089  
54.2480 -8.1014 32.0020  
54.2820 -8.2075 34.1370  
54.3160 -8.0458 41.8835  
54.3520 -7.5583 56.6004  
54.3820 -6.8402 42.9799  
54.4170 -5.8139 68.8025  
54.4490 -4.5406 41.2684  
54.4820 -3.0822 52.5797  
54.5150 -1.6264 40.4480  
54.5480 -0.1950 17.5610  
54.5820 1.1789 13.2155  
54.6150 2.3514 -25.8527  
54.6490 3.4765 27.9227  
54.6820 4.3529 -13.6035  
54.7150 5.0424 -17.5641  
54.7490 5.3703 -35.5231  
54.7820 5.3897 -53.4947  
54.8150 5.0615 -52.7062  
54.8490 4.4088 -56.2136  
54.8820 3.4775 -66.8629  
54.9150 2.2880 -64.6309  
54.9490 1.0104 -51.0052  
54.9820 -0.3502 3.6310  
55.0150 -1.7720 -32.1358  
55.0520 -3.2181 -22.2617  
55.0820 -4.5964 -17.6260  
55.1150 -6.0718 -82.9339  
55.1480 -7.0852 87.2866  
55.1820 -7.8445 18.5070  
55.2150 -8.2867 29.2580  
55.2490 -8.3937 35.8560  
55.2830 -8.2044 36.1492  
55.3150 -7.9278 31.0022  
55.3480 -7.3404 62.0543  
55.3820 -6.4363 68.9069  
55.4150 -5.3216 47.8192  
55.4490 -3.7785 45.4951  
55.4820 -2.3518 52.0334  
55.5150 -0.9010 26.3263  
55.5490 0.4885 10.4109  
55.5820 1.8226 20.1436  
55.6150 3.0979 19.4126  
55.6490 4.1434 -38.3928  
55.6820 4.9391 -13.6535  
55.7150 5.4233 -23.3992  
55.7480 5.5587 -57.8960  
55.7820 5.3943 -42.6468  
55.8150 4.8833 -53.0182  
55.8490 4.0640 -65.1382  
55.8820 3.0233 -56.3253  
55.9150 1.8051 -33.6723  
55.9490 0.3972 -36.9309  
55.9820 -1.0020 -36.9352  
56.0150 -2.4527 -29.2650  
56.0490 -3.8794 -15.6634  
56.0820 -5.0723 12.9711  
56.1150 -6.1727 -15.8908  
56.1490 -7.0642 9.9621  
56.1820 -7.6472 26.3613  
56.2150 -7.9323 33.9739  
56.2490 -7.9709 39.8040  
56.2820 -7.7317 46.1209  
56.3160 -7.2552 33.9758  
56.3500 -6.4620 64.7068  
56.3830 -5.3860 69.5859  
56.4150 -4.2318 37.8098  
56.4490 -2.8371 55.3002  
56.4830 -1.3670 32.1406  
56.5150 0.0644 15.0955  
56.5490 1.4285 13.2034  
56.5820 3.7507 331.3042  
56.6150 4.8081 -337.1361  
56.6490 5.7050 -13.2276  
56.6820 6.3239 -17.5580  
56.7160 6.5513 -47.6244  
56.7490 6.5692 -26.8389  
56.7820 6.1803 -66.2696  
56.8150 5.4543 -69.0487  
56.8490 4.5483 -38.7231  
56.8820 3.3967 -60.8459  
56.9150 1.0359 -35.0968  
56.9480 -0.3343 -36.9730  
56.9820 -1.7657 -31.2117  
57.0150 -3.2118 -22.0156  
57.0480 -4.5200 -7.2848  
57.0820 -5.9125 -50.8385  
57.1180 -6.8894 54.6919  
57.1490 -7.5755 20.3196  
57.1820 -8.0275 31.0164  
57.2150 -8.1530 38.1138  
57.2490 -8.0494 33.3239  
57.2820 -7.6204 61.6066  
57.3150 -6.9693 35.1586  
57.3490 -5.9918 74.6260  
57.3820 -4.8480 43.1160  
57.4150 -3.3863 43.9565  
57.4480 -1.9402 54.9332  
57.4820 -0.5089 14.2001  
57.5150 0.8652 13.6409  
57.5490 2.0414 -21.1792  
57.5820 3.3268 67.4068  
57.6160 4.2393 -49.9021  
57.6490 4.9906 -13.6661  
57.6820 5.3531 -40.9238  
57.7150 5.4305 -43.3062  
57.7490 5.2474 -33.9269  
57.7820 4.6442 -72.3822  
57.8190 3.7672 -60.9482  
57.8490 2.7504 -31.5941  
57.8820 1.6321 -52.5839  
57.9150 0.1657 -38.0703  
57.9490 -1.2335 -30.1513  
57.9820 -2.6797 -27.8931  
58.0160 -4.0390 -14.1576  
58.0830 -5.2457 1.4377  
58.1160 -6.2794 17.4971  
58.1480 -6.9917 25.7680  
58.1720 -7.3663 46.7563  
58.2160 -7.5205 28.5425  
58.2490 -7.3296 52.0119  
58.2820 -6.8389 52.7399  
58.3160 -6.0923 45.1432  
58.3490 -5.0691 55.9334  
58.3820 -3.8310 50.5115  
58.4150 -2.4019 60.7975  
58.4490 -0.9750 16.3584  
58.4820 0.4050 10.7526  
58.5150 1.8516 54.2138  
58.5480 3.3635 57.8182  
58.5830 4.3533 -100.1357  
58.6150 5.1209 -15.0198  
58.6490 5.6802 -16.1515  
58.6820 5.8765 -54.0620  
58.7150 5.7475 -48.0586  
58.7490 5.2513 -48.9689  
58.7820 4.4779 -67.1834  
58.8160 3.5460 -36.1431  
58.8490 2.2539 -54.9683  
58.8850 0.6454 -34.8674  
58.9160 -0.7345 -39.3339  
58.9490 -2.1585 -27.9183  
58.9820 -3.5853 -17.4926  
59.0160 -4.8331 0.1722  
59.0490 -5.9492 -8.1729  
59.0820 -6.8629 10.9129  
59.1150 -7.4822 22.0251  
59.1490 -7.8762 30.1196  
59.1830 -7.9631 36.9783  
59.2150 -7.7917 41.4823  
59.2490 -7.2951 59.7682  
59.2830 -6.5893 34.4666  
59.3160 -5.5855 72.7686  
59.3490 -4.4470 41.0206  
59.3830 -3.1384 42.0944  
59.4150 -1.7020 51.2137  
59.4480 -0.2834 16.6165  
59.4830 1.1980 47.1813  
59.5150 2.4750 -24.5488  
59.5490 3.7094 26.4760  
59.5860 4.5639 -47.7289  
59.6150 5.2561 -15.5798  
59.6490 5.5442 -48.2078  
59.6820 5.5442 -46.2883  
59.7160 5.2799 -35.6335  
59.7490 4.5968 -77.2633  
59.7820 3.7293 -39.2529  
59.8150 2.5088 -56.9416  
59.8490 1.2317 -39.7297  
59.8820 -0.2574 -36.9809  
59.9150 -1.6760 -32.1502  
59.9490 -3.1318 -24.2089  
59.9820 -4.4573 -10.1897  
60.0150 -5.8919 -79.3606  
60.0490 -6.9291 81.2512  
60.0830 -7.6484 18.5070  
60.1160 -8.1512 26.3353  
60.1480 -8.3346 41.1111  
60.1820 -8.2574 36.9246  
60.2150 -7.8768 54.9601  
60.2490 -7.2724 34.6017  
60.2830 -6.3625 65.6417  
60.3080 -5.2583 64.2822  
60.3490 -3.7270 40.2972  
60.3810 -2.2810 59.6892  
60.4150 -0.8429 16.1515  
60.4490 0.5563 14.1363  
60.4820 1.9249 30.5961  
60.5150 3.1794 3.4824  
60.5490 4.1306 -35.9045  
60.5820 4.9189 -13.6661  
60.6150 5.3684 -35.0826  
60.6490 5.5142 -42.0128  
60.6820 5.3306 -49.7946  
60.7150 4.7735 -55.2812  
60.7490 3.9401 -65.0982  
60.7820 2.9504 -32.8325  
60.8150 1.6880 -52.0119  
60.8480 0.2885 -38.0567  
60.8820 -1.1011 -33.0045  
60.9150 -2.5376 -27.9014  
60.9480 -3.9162 -17.5017  
60.9820 -4.8249 96.1571  
61.0160 -5.9188 -102.7609  
61.0480 -6.7596 22.0590  
61.0850 -7.2967 22.2697  
61.1150 -7.6132 37.3880  
61.1480 -7.6422 35.1449  
61.1820 -7.3740 50.4591  
61.2150 -6.8195 52.7534  
61.2480 -6.0299 43.3379  
61.2810 -4.9793 61.6042  
61.3150 -4.1092 43.0555  
61.3480 -2.7204 51.3038  
61.3820 -1.2743 37.6459  
61.4150 0.1443 16.5969  
61.4480 1.4838 10.0271  
61.4820 2.8209 33.4110  
61.5160 3.8689 -34.5781  
61.5480 4.6878 -17.1603  
61.5820 5.3058 -17.0416  
61.6150 5.5547 -50.2763  
61.6480 5.5655 -27.7586  
61.6820 5.1951 -62.3376  
61.7150 4.4587 -72.0845  
61.7480 3.4592 -63.1882  
61.7840 2.2003 -62.8101  
61.8150 0.8246 -1.0751  
61.8490 -0.5556 -35.8856  
61.8820 -1.9869 -32.1575  
61.9150 -3.4330 -22.0156  
61.9490 -4.7468 -9.8900  
61.9810 -6.0021 -10.3375  
62.0150 -6.9788 19.6194  
62.0480 -7.6449 22.0156  
62.0810 -7.9963 32.1575  
62.1150 -7.9997 35.8856  
62.1480 -7.8742 38.0186  
62.1820 -7.5077 35.0085  
62.2150 -6.8298 62.2051  
62.2490 -5.8526 66.6601  
62.2820 -4.6992 43.2012  
62.3150 -3.3696 43.3923  
62.3490 -1.9524 45.3506  
62.3820 -0.5337 22.4766  
62.4150 0.8269 14.5673  
62.4490 1.9595 -31.1602  
62.4820 3.0885 36.9024  
62.5040 4.0538 -20.3099  
62.5490 4.7686 -10.0311  
62.5820 5.1122 -43.8374  
62.6160 5.1702 -42.0527  
62.6480 4.9207 -51.3376  
62.6810 4.3333 -55.6774  
62.7160 3.4346 -67.7358  
62.7490 2.3277 -48.5412  
62.7820 1.2337 -28.2023  
62.8150 -0.0946 -34.0880  
62.8490 -1.4939 -34.0151  
62.8820 -2.9304 -24.9690  
62.9150 -4.2656 -13.1303  
62.9830 -5.4530 0.7098  
63.0160 -6.4280 14.5828  
63.0490 -7.1271 27.9014  
63.0840 -7.4673 34.8246  
63.1160 -7.5218 39.2391  
63.1490 -7.3833 30.2570  
63.1830 -6.9396 56.7069  
63.2160 -6.1702 63.6436  
63.2490 -5.1477 51.7119  
63.2820 -3.9168 50.0292  
63.3160 -2.5479 42.0128  
63.3490 -1.0977 39.2268  
63.3820 0.2823 6.6085  
63.4160 1.5817 12.1394  
63.4490 2.9382 55.3787  
63.4860 3.9901 -55.3495  
63.5160 4.8032 -15.3404  
63.5490 5.3204 -26.0297  
63.5820 5.5031 -49.6297  
63.6150 5.3668 -46.6341  
63.6490 4.9309 -46.1414  
63.6820 4.1424 -67.5946  
63.7160 3.2122 -35.2608  
63.7490 2.0577 -55.4661  
63.7820 0.6077 -34.1426  
63.8160 -0.7722 -39.6432  
63.8480 -2.1982 -28.7907  
63.8820 -3.6117 -21.5835  
63.9160 -4.8940 -9.5867  
63.9490 -5.9887 10.2416  
63.9820 -6.8927 10.2145  
64.0150 -7.4913 24.9601  
64.0490 -7.8640 31.1907  
64.0830 -7.9412 33.0685  
64.1160 -7.7707 40.9274  
64.1490 -7.2645 60.8797  
64.1820 -6.5019 49.7730  
64.2160 -5.4696 57.7590  
64.2490 -4.2642 42.5480  
64.2870 -2.9579 35.4567  
64.3170 -1.5407 48.2008  
64.3490 -0.1510 17.1484  
64.3830 1.1774 13.1661  
64.4490 2.3967 0.5011  
64.4860 3.4328 -12.9925  
64.5160 4.2132 -18.2916  
64.5500 4.6771 -44.7858  
64.5820 4.7995 -45.3382  
64.6160 4.6457 -39.9259  
64.6500 4.1307 -66.6096  
64.6830 3.3407 -39.5364  
