Time Angle omega x y
s degrees degrees/s  
0.0150 15.1910 -52.7137  
0.0730 14.9658 -38.1130  
0.0900 14.3191 -148.4311  
0.1100 13.2523 -133.8653  
0.1480 12.0565 -74.6135  
0.1820 10.8417 -93.0255  
0.2150 9.4499 -81.2290  
0.2480 7.4533 -90.2463  
0.2820 5.0325 -78.3202  
0.3140 2.4429 -77.4215  
0.3480 -0.1999 -65.2879  
0.3820 -2.8213 -58.7242  
0.4140 -5.3415 -47.2085  
0.4490 -7.7332 -39.8104  
0.4810 -9.3446 155.2872  
0.5150 -10.9889 -102.7242  
0.5490 -12.7217 -104.8934  
0.5820 -13.4612 210.7783  
0.6150 -14.2545 -96.9946  
0.6480 -14.8592 -17.9240  
0.6810 -15.0908 45.7914  
0.7150 -14.9230 58.7482  
0.7490 -14.3718 68.3374  
0.7810 -13.4457 73.5920  
0.8140 -12.7969 66.5744  
0.8480 -11.4681 97.2729  
0.8810 -9.4983 86.1637  
0.9160 -7.9083 90.2220  
0.9490 -5.6811 96.0946  
0.9810 -3.1422 78.9174  
1.0150 -0.5175 69.6875  
1.0480 2.1452 72.0184  
1.0820 4.7608 54.5211  
1.1150 7.2985 47.7405  
1.1480 9.5029 -34.4277  
1.1820 11.0141 -106.6110  
1.2150 12.4582 65.8279  
1.2480 13.3723 -64.8949  
1.2820 13.8498 -35.1711  
1.3150 14.5646 148.4595  
1.3480 14.9830 -18.0332  
1.3820 14.9951 -49.6129  
1.4140 14.5813 -75.1432  
1.4490 13.7611 -71.0990  
1.4810 12.8027 -78.6919  
1.5150 11.9233 -83.3916  
1.5480 10.5264 -90.9812  
1.5820 9.0600 -83.4298  
1.6150 7.4294 -85.9939  
1.6480 5.0419 -80.9125  
1.6810 2.4626 -76.1236  
1.7150 -0.1643 -63.6354  
1.7480 -2.7504 -60.4921  
1.7810 -5.2591 -51.9872  
1.8150 -7.6459 -38.1808  
1.8490 -9.1600 173.2809  
1.8810 -10.7495 -117.3644  
1.9150 -12.4771 -124.0773  
1.9480 -13.1384 237.1219  
1.9820 -13.9508 -122.9603  
2.0140 -14.5612 -15.3601  
2.0480 -14.8247 38.3795  
2.0810 -14.6888 60.5416  
2.1150 -14.1489 68.3492  
2.1480 -13.2459 70.7109  
2.1810 -12.6943 72.0441  
2.2150 -11.4364 97.2729  
2.2480 -9.4826 83.0276  
2.2810 -7.9842 99.1448  
2.3150 -5.7834 83.6085  
2.3480 -3.2625 82.1172  
2.3810 -0.6345 71.9843  
2.4150 2.0279 68.8964  
2.4490 4.6641 60.6342  
2.4820 7.1985 39.8581  
2.5150 9.4517 -13.1650  
2.5480 10.9527 -127.6974  
2.6150 12.2016 3.2580  
2.6480 13.0052 -35.8179  
2.6820 14.0248 147.1601  
2.7140 14.7096 -19.9329  
2.7490 14.9720 -52.8117  
2.7820 14.7792 -66.9865  
2.8150 14.1305 -75.6447  
2.8490 13.0799 -79.5400  
2.8810 11.8208 -78.7112  
2.9150 10.6671 -92.9724  
2.9480 9.1866 -92.3988  
2.9820 7.5630 -76.8518  
3.0150 5.1550 -86.0690  
3.0480 2.5782 -70.4923  
3.0820 -0.0453 -68.1022  
3.1140 -2.6348 -58.4624  
3.1480 -5.1462 -50.4346  
3.1820 -7.4718 -24.8827  
3.2150 -9.0077 162.9453  
3.2480 -10.2795 -15.7333  
3.2850 -11.9704 -195.6889  
3.3200 -12.6488 214.6410  
3.3440 -13.4423 -166.3167  
3.3810 -14.0731 -18.9099  
3.4150 -14.3400 38.9410  
3.4480 -14.2200 60.5416  
3.4820 -13.6962 68.3492  
3.5140 -12.8522 73.6103  
3.5480 -12.3104 69.2760  
3.5810 -11.3859 100.2206  
3.6150 -9.4530 83.6295  
3.6480 -7.9705 91.2024  
3.6820 -5.7727 92.9480  
3.7150 -3.2659 72.4548  
3.7480 -0.6379 76.8306  
3.7820 2.0245 68.8964  
3.8150 4.6282 52.6318  
3.8480 7.1655 51.2397  
3.8820 9.4170 -14.7655  
3.9150 10.9216 -126.1359  
3.9820 12.2323 13.5096  
4.0150 13.1537 -26.7632  
4.0480 14.1565 120.4245  
4.0820 14.8620 -17.1178  
4.1150 15.1406 -52.5495  
4.1480 14.9477 -71.8706  
4.1810 14.3288 -76.4645  
4.2150 13.3049 -69.4138  
4.2480 12.0475 -85.9393  
4.2810 10.9060 -91.0054  
4.3150 9.3903 -83.4543  
4.3490 7.6251 -99.3530  
4.3810 5.2359 -70.8378  
4.4150 2.6544 -73.6550  
4.4490 0.0272 -64.4236  
4.4810 -2.5623 -62.3710  
4.5150 -5.0665 -49.1138  
4.5480 -7.4070 -21.9107  
4.5810 -9.3485 34.9670  
4.6150 -11.0273 -11.0717  
4.6520 -12.9504 -142.6959  
4.6810 -13.5840 328.1242  
4.7150 -14.3852 -115.9344  
4.7480 -15.0348 -29.9428  
4.7820 -15.3142 44.4518  
4.8150 -15.1942 60.5416  
4.8480 -14.6908 65.5993  
4.8820 -13.8636 73.9596  
4.9150 -12.9320 66.5827  
4.9490 -11.6163 101.9245  
4.9820 -9.4883 86.1637  
5.0150 -8.0267 86.3968  
5.0480 -5.8371 101.1439  
5.0820 -3.3116 69.7669  
5.1150 -0.6869 75.8293  
5.1490 1.9755 69.8683  
5.1820 4.5906 51.2550  
5.2150 7.1116 47.6870  
5.2490 9.3669 -13.5250  
5.2810 10.8824 -122.8713  
5.3490 12.4048 42.8135  
5.3820 13.2300 -124.8487  
5.4150 14.2630 164.1050  
5.4480 14.9800 -23.8827  
5.4820 15.2458 -59.1209  
5.5150 15.0654 -63.1909  
5.5490 14.4643 -74.0250  
5.5810 13.4407 -82.8266  
5.6150 12.2099 -74.4630  
5.6480 11.0413 -100.3081  
5.6820 9.2982 -83.3388  
5.7150 7.6846 -85.6092  
5.7480 5.2633 -80.6744  
5.7810 2.6730 -75.0674  
5.8160 0.0620 -63.3556  
5.8510 -2.5401 -57.0249  
5.8810 -5.0574 -55.6623  
5.9150 -7.4135 -30.5061  
5.9490 -9.3990 34.4936  
5.9810 -11.0001 16.7106  
6.0150 -13.0012 -200.9719  
6.0490 -13.6744 307.4414  
6.0820 -14.4780 -120.1706  
6.1150 -15.1303 -29.2198  
6.1490 -15.4097 44.4518  
6.1810 -15.2897 62.4336  
6.2150 -14.8022 58.9883  
6.2480 -13.9594 76.2216  
6.2810 -13.0142 66.5915  
6.3150 -11.7916 97.2849  
6.3480 -9.6015 86.1450  
6.3810 -8.1409 95.6976  
6.4150 -5.9667 93.2212  
6.4480 -3.4572 72.4268  
6.4820 -0.8325 78.3007  
6.5140 1.8138 69.1940  
6.5480 4.4448 54.4920  
6.5820 6.9817 46.2845  
6.6150 9.2554 -13.1459  
6.6480 10.8209 -114.3596  
6.6820 12.3612 76.1882  
6.7150 13.5413 -13.4737  
6.7480 14.0505 -107.2275  
6.7820 14.8259 148.5541  
6.8180 15.2926 -11.7639  
6.8480 15.3489 -63.0160  
6.8810 14.9994 -66.8160  
6.9150 14.2436 -73.2160  
6.9480 13.2634 -81.1502  
6.9810 12.4246 -71.5352  
7.0150 10.9947 -97.6432  
7.0480 9.3255 -85.9832  
7.0820 7.7276 -83.0925  
7.1150 5.3566 -81.2530  
7.1490 2.7794 -73.0687  
7.1820 0.1723 -66.3550  
7.2140 -2.4138 -62.3601  
7.2490 -4.9224 -48.9711  
7.2810 -7.2819 -37.1090  
7.3150 -8.9447 135.4971  
7.3490 -10.6373 -106.3934  
7.3810 -12.6135 -177.3057  
7.4150 -13.3076 293.9883  
7.4480 -14.1028 -111.8811  
7.4820 -14.7682 -34.8987  
7.5150 -15.0634 45.7988  
7.5480 -14.9753 55.7079  
7.5820 -14.4993 63.6798  
7.6150 -13.6712 70.7210  
7.6490 -13.0659 69.9717  
7.6820 -11.7838 95.4450  
7.7140 -9.6343 93.7746  
7.7490 -8.1993 81.4449  
7.7850 -6.0633 92.1691  
7.8150 -3.5697 79.6393  
7.8490 -0.9578 79.2454  
7.8810 1.6884 68.1462  
7.9150 4.3077 55.8001  
7.9480 6.8627 51.2241  
7.9810 9.2180 11.5879  
8.0150 10.6901 -167.1343  
8.0480 12.1355 82.8189  
8.0820 13.4262 38.3798  
8.1150 14.0472 -102.4226  
8.1490 14.8698 129.5742  
8.1820 15.3493 -22.3160  
8.2140 15.4259 -57.7791  
8.2490 15.0881 -64.1850  
8.2820 14.3323 -75.4346  
8.3150 13.2705 -81.1502  
8.3490 12.5408 -69.4312  
8.3810 11.2217 -98.8117  
8.4150 9.4883 -83.4675  
8.4510 7.8092 -78.7947  
8.4820 5.4069 -91.2042  
8.5150 2.8588 -66.4765  
8.5480 0.2634 -70.3476  
8.5830 -2.3107 -58.1100  
8.6150 -4.8193 -57.3285  
8.6480 -7.1740 -34.5200  
8.6820 -8.7368 163.4811  
8.7150 -10.4343 -136.6402  
8.7490 -12.2659 -122.8758  
8.7820 -13.0434 233.4329  
8.8160 -13.7418 -59.8955  
8.8530 -14.4363 -58.2138  
8.8810 -14.7475 53.9771  
8.9150 -14.6714 54.0694  
8.9480 -14.1954 65.6095  
8.9830 -13.3562 71.2227  
9.0150 -12.8508 69.3762  
9.0490 -11.5796 92.6378  
9.0820 -9.5905 90.9330  
9.1150 -8.0708 91.1849  
9.1480 -6.0456 91.4644  
9.1820 -3.5520 74.4239  
9.2150 -0.9562 76.7795  
9.2490 1.6738 64.1237  
9.2810 4.2932 64.3216  
9.3150 6.8160 44.9372  
9.3480 9.1328 4.8458  
9.3820 10.5949 -158.7549  
9.4150 12.0426 86.5618  
9.4480 13.3919 61.3656  
9.4830 13.9411 -142.3340  
9.5150 14.7741 167.7229  
9.5480 15.2535 -30.3498  
9.5870 15.3420 -44.3276  
9.6150 15.0237 -71.7775  
9.6490 14.3001 -74.2701  
9.6820 13.3085 -76.3614  
9.7150 12.5889 -81.1517  
9.7480 11.2832 -91.0324  
9.7820 9.4912 -83.4813  
9.8150 7.9148 -85.6151  
9.8480 5.5179 -85.9996  
9.8820 2.9886 -68.4157  
9.9150 0.3974 -71.1259  
9.9490 -2.1962 -59.8191  
9.9820 -4.7047 -50.7441  
10.0150 -7.0719 -33.5127  
10.0490 -9.0632 31.7574  
10.0820 -10.7747 -6.2214  
10.1490 -11.8543 51.9434  
10.1820 -12.9590 -93.1924  
10.2150 -13.8886 -32.9732  
10.2480 -14.4345 45.7988  
10.2820 -14.5778 49.3749  
10.3150 -14.2853 70.4463  
10.3490 -13.5873 69.9921  
10.3820 -12.5454 70.7000  
10.4140 -11.2800 103.5840  
10.4480 -9.7264 78.7502  
10.4810 -8.2198 91.1773  
10.5150 -6.1057 88.2493  
10.5490 -3.6281 74.9139  
10.5810 -1.0323 84.1700  
10.6150 1.5976 59.3890  
10.6480 4.2008 62.3406  
10.6820 6.7187 44.9268  
10.7150 9.0324 8.8190  
10.7500 10.4780 -153.3256  
10.7820 11.9950 106.0104  
10.8150 13.3451 40.5500  
10.8530 13.9019 -129.7531  
10.8810 14.7089 180.2658  
10.9140 15.2045 -12.7304  
10.9490 15.3252 -49.4191  
10.9810 15.0391 -62.8197  
11.0150 14.3477 -74.2984  
11.0480 13.3751 -76.3807  
11.0820 12.6555 -83.4343  
11.1150 11.3120 -86.2471  
11.1480 9.5351 -90.7964  
11.1820 7.9687 -83.0970  
11.2150 5.6138 -85.9996  
11.2480 3.0683 -70.4889  
11.2820 0.4610 -69.0339  
11.3150 -2.1327 -56.7969  
11.3480 -4.6411 -50.7356  
11.3820 -7.0180 -35.4067  
11.4150 -8.9712 42.4084  
11.4490 -10.6878 -14.1343  
11.5150 -12.0078 14.6942  
11.5480 -13.1118 -20.1450  
11.5820 -14.0414 -32.1965  
11.6150 -14.6033 40.9514  
11.6480 -14.7466 55.7185  
11.6820 -14.4859 63.6903  
11.7150 -13.8039 76.9391  
11.7480 -12.7683 70.7000  
11.7820 -11.5568 92.8566  
11.8150 -10.0138 85.9112  
11.8480 -8.2827 86.3740  
11.8820 -6.1692 92.9113  
11.9150 -3.6916 77.1840  
11.9510 -1.0958 70.3586  
11.9820 1.5340 70.3147  
12.0140 4.1531 64.2887  
12.0490 6.6872 48.2828  
12.0820 8.9433 -13.5670  
12.1150 10.5141 -111.9943  
12.1490 12.0866 83.8907  
12.1820 13.4684 28.5932  
12.2150 14.0353 -151.2175  
12.2490 14.8253 140.5333  
12.2810 15.3417 -6.3577  
12.3160 15.4624 -50.7733  
12.3480 15.1727 -63.9397  
12.3820 14.4810 -68.5538  
12.4160 13.5661 -78.8246  
12.4480 12.7687 -78.7479  
12.4820 11.3698 -93.0291  
12.5150 9.6085 -81.2557  
12.5510 8.0468 -83.1483  
12.5820 5.7246 -91.1855  
12.6160 3.1717 -73.8193  
12.6480 0.5962 -62.6261  
12.6820 -1.9742 -58.6638  
12.7150 -4.4986 -56.7102  
12.7480 -6.8898 -40.8271  
12.7820 -8.4695 164.5436  
12.8150 -9.8113 -23.7645  
12.8820 -11.1645 -41.7094  
12.9150 -11.8555 109.9306  
12.9480 -12.8010 -162.7487  
12.9820 -13.3603 39.7469  
13.0150 -13.5354 55.7185  
13.0490 -13.3073 59.9073  
13.0820 -12.6434 75.3343  
13.1150 -11.5934 76.2025  
13.1490 -10.8591 71.6829  
13.1820 -9.6908 107.7265  
13.2160 -7.9740 79.1724  
13.2480 -6.3023 99.2324  
13.2810 -3.8407 76.6501  
13.3150 -1.2640 73.5569  
13.3480 1.3658 71.8600  
13.3810 3.9772 56.1019  
13.4150 6.4970 46.2099  
13.4480 8.7625 -0.8662  
13.4820 10.4195 -107.2983  
13.5150 12.1178 120.2296  
13.5490 13.4820 -19.0521  
13.5820 14.1543 -113.4772  
13.6150 14.9672 119.2683  
13.6490 15.5027 -8.0207  
13.6820 15.6234 -53.8504  
13.7160 15.3544 -60.1786  
13.7490 14.6951 -70.6312  
13.7850 13.7866 -70.0338  
13.8160 12.9750 -86.4112  
13.8490 11.4662 -91.0623  
13.8810 9.7382 -88.7303  
13.9150 8.1011 -83.4003  
13.9490 5.7739 -87.2351  
13.9820 3.2527 -67.0128  
14.0160 0.6772 -68.2634  
14.0480 -1.9091 -67.2983  
14.0820 -4.4335 -50.3665  
14.1150 -6.8406 -40.8271  
14.1490 -8.7630 63.7397  
14.1820 -10.1321 76.6152  
14.2490 -11.4283 -31.4950  
14.2820 -12.1352 92.6710  
14.3160 -13.0778 -156.5837  
14.3480 -13.6848 35.7642  
14.3820 -13.8598 58.7880  
14.4160 -13.6158 59.9073  
14.4480 -12.9679 72.7298  
14.4820 -11.9336 73.9740  
14.5150 -10.8494 80.8457  
14.5490 -9.6855 97.7722  
14.5820 -8.0256 86.3678  
14.6150 -6.3539 96.2254  
14.6490 -3.8969 74.3956  
14.6820 -1.3043 75.7859  
14.7150 1.3256 71.8600  
14.7520 3.9251 46.8528  
14.7830 6.4608 54.4822  
14.8200 8.7321 -3.5092  
14.8490 10.2582 -164.9407  
14.8820 11.7526 91.1486  
14.9160 13.2247 77.2442  
14.9490 13.7958 -176.7982  
14.9810 14.6335 162.3537  
15.0160 15.1757 -12.9722  
15.0490 15.3006 -54.5937  
15.0810 15.0433 -65.2531  
15.1160 14.3971 -62.8747  
15.1490 13.5146 -75.5320  
15.1820 12.8583 -76.3829  
15.2160 11.5849 -93.0617  
15.2490 9.7491 -90.8278  
15.2830 8.1739 -94.9543  
15.3160 5.8218 -77.9744  
15.3480 3.2941 -69.1069  
15.3820 0.7143 -68.2634  
15.4150 -1.8561 -60.4415  
15.4490 -4.3935 -55.0423  
15.4820 -6.8005 -35.9829  
15.5160 -8.8686 25.5216  
15.5490 -10.2526 111.4003  
15.6160 -11.6149 -41.4765  
15.6490 -12.6863 -9.6892  
15.6820 -13.5876 -26.4413  
15.7160 -14.1946 21.5139  
15.7490 -14.3819 56.8583  
15.7820 -14.1538 65.4338  
15.8160 -13.5058 68.4516  
15.8490 -12.5034 71.4190  
15.8820 -11.3118 83.6233  
15.9150 -10.1488 102.7540  
15.9490 -8.4387 79.1669  
15.9820 -6.3791 96.2051  
16.0150 -3.9794 76.6364  
16.0480 -1.4028 75.7765  
16.0820 1.2233 69.7176  
16.1160 3.8228 55.7184  
16.1490 6.3586 51.1802  
16.1820 8.6440 -4.4093  
16.2160 10.2970 -104.8818  
16.2490 11.6909 24.2636  
16.2820 13.2556 133.3248  
16.3200 13.8373 -175.1399  
16.3490 14.7181 190.3715  
16.3820 15.2763 -22.0104  
16.4160 15.4292 -49.4909  
16.4490 15.1879 -62.0308  
16.4820 14.5417 -71.5333  
16.5160 13.6608 -73.3105  
16.5480 12.8844 -78.7699  
16.5820 11.6951 -97.8745  
16.6160 9.7826 -83.3436  
16.6490 8.2193 -95.8324  
16.6820 5.8557 -75.1997  
16.7150 3.3462 -66.2510  
16.7490 0.7704 -68.9720  
16.7820 -1.8159 -65.2472  
16.8160 -4.3215 -45.6507  
16.8490 -6.7048 -38.4899  
16.8820 -8.7747 18.5649  
16.9160 -10.1455 107.7539  
16.9830 -11.5278 -43.9983  
17.0150 -12.2118 119.3827  
17.0480 -13.1017 -137.6165  
17.0820 -13.7270 13.5383  
17.1150 -13.9301 56.8583  
17.1490 -13.7179 58.8338  
17.1820 -13.1019 75.3430  
17.2150 -12.1232 71.4190  
17.2490 -10.9650 70.8047  
17.2820 -9.8304 103.8610  
17.3150 -8.1002 91.1319  
17.3490 -6.4347 93.3755  
17.3820 -4.0780 71.8026  
17.4200 -1.5014 70.0037  
17.4480 1.1086 78.9154  
17.4820 3.7197 59.1679  
17.5160 6.2392 46.1859  
17.5490 8.4610 -18.7951  
17.5820 10.0189 -128.2078  
17.6160 11.5033 79.1609  
17.6490 13.1137 129.3254  
17.6830 13.6954 -209.1880  
17.7160 14.5975 168.8775  
17.7490 15.1557 -23.5918  
17.7830 15.3246 -49.4909  
17.8160 15.0877 -62.0308  
17.8490 14.4577 -71.5333  
17.8820 13.6404 -75.5320  
17.9160 13.0085 -69.9251  
17.9490 11.7761 -100.4062  
17.9830 9.8336 -83.3464  
18.0160 8.3187 -85.9188  
18.0490 5.9640 -85.6441  
18.0830 3.4545 -68.4171  
18.1150 0.8787 -73.2827  
18.1540 -1.6918 -51.1356  
18.1820 -4.1973 -61.1070  
18.2150 -6.5948 -42.7904  
18.2490 -8.6556 29.0959  
18.2820 -10.1202 80.2630  
18.3500 -11.4861 -27.1505  
18.3830 -12.2185 106.0256  
18.4160 -13.0582 -118.1629  
18.4490 -13.6835 -5.5051  
18.4820 -13.8867 56.8583  
18.5150 -13.6904 60.6167  
18.5490 -13.0743 73.1270  
18.5860 -12.0972 59.4187  
18.6150 -10.9040 108.6352  
18.6490 -9.6914 83.6085  
18.6820 -7.9934 91.1319  
18.7160 -6.3278 93.3755  
18.7490 -4.0354 71.8026  
18.7820 -1.4747 75.7678  
18.8150 1.1352 71.8011  
18.8480 3.7463 60.9608  
18.8820 6.2658 46.1859  
18.9150 8.6119 14.0704  
18.9490 10.2789 -107.0670  
18.9830 11.7864 36.6836  
19.0160 13.4017 123.8090  
19.0490 14.1609 -163.2364  
19.0820 15.0241 103.3398  
19.1150 15.5982 -11.8257  
19.1490 15.7672 -49.4909  
19.1820 15.5303 -62.0308  
19.2150 14.9162 -66.7098  
19.2490 14.0041 -73.9798  
19.2820 13.2047 -76.1779  
19.3150 11.9649 -95.6327  
19.3490 10.0333 -83.3499  
19.3820 8.3567 -85.9107  
19.4150 6.0426 -89.8890  
19.4490 3.5306 -69.6500  
19.4820 0.9707 -65.5218  
19.5200 -1.5998 -56.6524  
19.5480 -4.1212 -61.1070  
19.5830 -6.5212 -37.1479  
19.6160 -8.5678 30.8762  
19.6480 -10.0517 77.2471  
19.7160 -11.4332 -26.6239  
19.7490 -12.1814 106.0077  
19.7820 -13.0701 -132.4481  
19.8160 -13.6929 8.5219  
19.8490 -13.9119 56.8583  
19.8820 -13.7156 60.6167  
19.9150 -13.1154 70.5326  
19.9490 -12.1495 69.3304  
19.9820 -11.0257 78.7280  
20.0160 -9.8096 99.8554  
20.0490 -8.1117 91.1319  
20.0810 -6.4779 89.2700  
20.1150 -4.1543 74.3578  
20.1520 -1.6096 67.5695  
20.1820 0.9843 78.9498  
20.2160 3.5836 60.4175  
20.2490 6.1190 51.1665  
20.2820 8.4546 10.9098  
20.3160 10.1147 -122.2830  
20.3490 11.4844 14.8698  
20.3820 13.0619 154.1269  
20.4160 13.8050 -161.3963  
20.4490 14.6380 103.8481  
20.4820 15.2330 3.6128  
20.5160 15.4180 -50.8992  
20.5520 15.1929 -56.8616  
20.5820 14.5788 -73.3808  
20.6160 13.6794 -73.3174  
20.6490 12.9595 -71.5885  
20.6820 11.8583 -100.7057  
20.7160 9.9644 -83.5429  
20.7490 8.3037 -95.5936  
20.7790 6.0339 -88.8131  
20.8160 3.5330 -59.2490  
20.8490 0.9731 -70.3185  
20.8820 -1.6011 -66.3646  
20.9150 -4.1225 -50.7198  
20.9490 -6.4901 -28.0445  
20.9820 -8.5392 24.9044  
21.0150 -9.9432 94.7513  
21.0820 -11.2992 -35.2128  
21.1160 -12.0154 95.3709  
21.1490 -12.8681 -122.0851  
21.1820 -13.5068 -1.5828  
21.2160 -13.7417 50.4994  
21.2490 -13.5576 60.6256  
21.2820 -12.9733 70.5399  
21.3150 -12.0579 71.4442  
21.3490 -10.9716 74.4314  
21.3820 -9.8675 100.1557  
21.4150 -8.2269 91.0964  
21.4490 -6.6249 83.9866  
21.4820 -4.3514 81.4162  
21.5150 -1.8227 75.7522  
21.5490 0.7711 69.6345  
21.5820 3.3701 62.2187  
21.6160 5.8938 46.2830  
21.6490 8.2298 14.6037  
21.6830 9.8885 -124.7917  
21.7150 11.4742 80.4727  
21.7490 13.0279 79.0079  
21.7820 13.7770 -157.2671  
21.8160 14.4982 70.7893  
21.8490 15.0929 37.4298  
21.8820 15.2779 -52.4141  
21.9150 15.0689 -57.1542  
21.9490 14.4695 -68.5664  
21.9820 13.5696 -76.4211  
22.0150 12.8579 -71.5782  
22.0490 11.5880 -88.4326  
22.0830 9.7496 -88.1895  
22.1180 8.1310 -85.4832  
22.1490 5.9890 -91.1958  
22.1820 3.5043 -66.4307  
22.2150 0.9763 -65.5180  
22.2490 -1.5661 -59.7078  
22.2820 -4.0628 -56.8080  
22.3150 -6.4378 -39.5425  
22.3490 -8.4148 47.6078  
22.3820 -9.8130 84.2442  
22.4500 -11.2287 -46.6624  
22.4820 -11.9416 126.1526  
22.5150 -12.8147 -134.2361  
22.5490 -13.4374 9.1813  
22.5840 -13.6722 49.0355  
22.6160 -13.5040 62.5110  
22.6480 -12.9156 72.7368  
22.6820 -11.9610 69.3304  
22.7150 -10.9238 74.0727  
22.7490 -9.8255 99.7314  
22.7820 -8.1251 86.3132  
22.8150 -6.5428 86.5316  
22.8490 -4.2488 79.0216  
22.8820 -1.7361 75.7522  
22.9150 0.8417 71.7446  
22.9490 3.4087 55.6413  
22.9820 5.9002 47.6618  
23.0190 8.2100 14.5813  
23.0490 9.8614 -137.9606  
23.0830 11.3846 62.0217  
23.1160 12.8819 78.4468  
23.1490 13.6206 -143.3302  
23.1830 14.4221 97.4946  
23.2160 15.0168 13.0820  
23.2490 15.2018 -52.4141  
23.2830 15.0089 -55.4732  
23.3150 14.4257 -72.8518  
23.3490 13.5364 -74.1734  
23.3830 12.8405 -64.8083  
23.4160 11.6173 -95.9183  
23.4490 9.8668 -81.3223  
23.4820 8.2461 -104.0206  
23.5160 6.0395 -74.8006  
23.5490 3.5864 -61.6278  
23.5820 1.0743 -70.3074  
23.6150 -1.4522 -61.4957  
23.6500 -3.9288 -52.3524  
23.6820 -6.2832 -40.6543  
23.7160 -8.3341 24.4997  
23.7490 -9.7355 100.8681  
23.8160 -11.1804 -46.5457  
23.8490 -11.8807 121.6410  
23.8830 -12.7575 -126.7403  
23.9160 -13.4118 5.8043  
23.9480 -13.6663 52.4686  
23.9830 -13.5140 58.2171  
24.0150 -12.9432 73.4969  
24.0490 -12.0091 68.6150  
24.0830 -10.9019 75.4116  
24.1150 -9.8006 102.1863  
24.1490 -8.1183 79.1542  
24.1820 -6.5375 90.8926  
24.2150 -4.2556 81.8552  
24.2490 -1.7399 74.3872  
24.2820 0.8256 65.9932  
24.3150 3.3806 58.5612  
24.3490 5.8650 48.4022  
24.3820 8.1646 14.6985  
24.4150 9.7780 -130.2536  
24.4490 11.3025 70.0299  
24.4820 12.8648 93.0198  
24.5160 13.5747 -162.4684  
24.5490 14.3930 114.6573  
24.5820 14.9327 -7.7584  
24.6150 15.1337 -36.6379  
24.6490 14.9529 -55.4732  
24.6820 14.3903 -65.8068  
24.7160 13.5270 -74.1939  
24.7490 12.8715 -67.2739  
24.7820 11.6629 -95.4450  
24.8150 9.8632 -86.1234  
24.8490 8.3103 -89.8648  
24.8820 6.1028 -83.7035  
24.9150 3.7018 -66.4110  
24.9490 1.1866 -69.1158  
24.9830 -1.3398 -58.8107  
25.0150 -3.8165 -52.2837  
25.0490 -6.1914 -44.2958  
25.0820 -8.2488 28.9550  
25.1150 -9.6696 97.4584  
25.1830 -11.2842 -70.2793  
25.2160 -12.0547 163.1649  
25.2530 -12.9412 -105.9883  
25.2820 -13.5955 4.4807  
25.3160 -13.8469 49.3822  
25.3490 -13.6977 60.8005  
25.3820 -13.1429 72.2145  
25.4160 -12.2043 68.6150  
25.4490 -11.0610 90.9553  
25.4830 -9.9719 78.6513  
25.5160 -8.1199 86.3493  
25.5490 -6.5223 86.0904  
25.5820 -4.2625 81.8294  
25.6160 -1.7629 74.3670  
25.6490 0.7866 65.9828  
25.6820 3.3406 62.1612  
25.7160 5.8088 44.8724  
25.7490 8.0534 2.9334  
25.7820 9.6249 -113.0298  
25.8160 10.9079 -6.1914  
25.8530 12.4732 153.3020  
25.8820 13.2122 -186.9584  
25.9160 14.0914 120.6575  
25.9490 14.6770 -12.3231  
25.9830 14.9102 -39.6428  
26.0160 14.7335 -62.0308  
26.0490 14.1871 -65.8068  
26.0830 13.3947 -69.5174  
26.1150 12.7535 -69.2859  
26.1500 11.8022 -94.6164  
26.1820 9.9995 -88.8148  
26.2160 8.4741 -77.9243  
26.2500 6.2215 -93.1821  
26.2860 3.8063 -56.4851  
26.3150 1.2910 -81.0110  
26.3500 -1.2196 -57.1239  
26.3820 -3.6962 -57.2508  
26.4160 -6.0394 -30.2731  
26.4490 -8.1762 -4.6532  
26.4820 -9.5858 120.0111  
26.5500 -11.2373 -77.3650  
26.5820 -12.0159 190.0104  
26.6160 -12.9124 -127.8839  
26.6490 -13.5825 6.9826  
26.6830 -13.8658 44.6817  
26.7160 -13.7453 61.7686  
26.7500 -13.2063 69.1939  
26.7830 -12.3312 70.6934  
26.8150 -11.1562 88.8916  
26.8500 -10.0941 80.8925  
26.8820 -8.2052 93.9942  
26.9160 -6.6547 79.2985  
26.9490 -4.4008 81.3920  
26.9820 -1.9171 76.6004  
27.0160 0.6484 68.7460  
27.0490 3.2031 58.5216  
27.0820 5.6918 51.2780  
27.1160 8.0174 20.6344  
27.1490 9.6316 -129.3602  
27.1820 11.1678 62.1275  
27.2160 12.8174 121.8412  
27.2490 13.6447 -167.4857  
27.2830 14.4834 82.3662  
27.3160 15.1234 16.3569  
27.3490 15.3608 -51.1533  
27.3850 15.1961 -58.0425  
27.4150 14.6610 -67.0635  
27.4490 13.8035 -74.2150  
27.4820 13.1524 -66.7906  
27.5160 11.9638 -97.7833  
27.5490 10.0925 -81.3404  
27.5820 8.4906 -85.8902  
27.6150 6.2944 -95.1842  
27.6490 3.8409 -59.8077  
27.6810 1.3372 -68.4589  
27.7160 -1.1575 -57.1178  
27.7490 -3.6341 -55.5070  
27.7830 -5.9976 -40.9271  
27.8150 -8.1323 2.6457  
27.8490 -9.5516 112.5824  
27.8820 -11.6514 -287.5057  
27.9160 -13.0652 118.3647  
27.9490 -13.5318 191.8713  
27.9830 -14.1907 -116.3886  
28.0160 -14.6418 -3.3917  
28.0490 -14.7250 50.8787  
28.0820 -14.4404 55.9668  
28.1160 -13.7782 70.1246  
28.1500 -12.9070 63.9544  
28.1830 -12.1932 68.3183  
28.2190 -10.1884 95.0390  
28.2490 -8.3012 94.9784  
28.2830 -6.7458 88.6149  
28.3160 -4.5421 76.5675  
28.3490 -2.0772 75.7334  
28.3820 0.4563 71.6645  
28.4160 3.0101 60.3058  
28.4490 5.4988 52.5227  
28.4830 7.8246 16.0559  
28.5160 9.5852 -102.9909  
28.5490 10.9731 -9.2409  
28.5830 12.6241 161.2005  
28.6160 13.4371 -162.6749  
28.6490 14.2458 75.2948  
28.6820 14.8647 18.1977  
28.7160 15.1138 -39.1742  
28.7520 14.9693 -52.4148  
28.7820 14.4182 -77.7236  
28.8160 13.5603 -74.1939  
28.8490 12.8519 -57.6820  
28.8830 11.8432 -97.2998  
28.9160 10.0022 -86.1290  
28.9490 8.4304 -81.1150  
28.9830 6.2644 -101.6620  
29.0160 3.8666 -52.0479  
29.0490 1.3671 -71.1734  
29.0830 -1.1595 -63.4698  
29.1150 -3.6243 -53.5452  
29.1490 -5.9742 -40.4278  
29.1860 -8.1848 -13.7886  
29.2160 -9.6192 148.4757  
29.2490 -11.7258 -289.8502  
29.2830 -13.1785 113.6252  
29.3160 -13.6244 200.3247  
29.3490 -14.3332 -131.7093  
29.3820 -14.7843 6.9327  
29.4160 -14.8676 44.6817  
29.4490 -14.5758 61.7686  
29.4830 -13.9112 69.1939  
29.5150 -12.9782 67.9515  
29.5490 -12.2563 68.9226  
29.5820 -10.2601 96.2819  
29.6160 -8.3499 88.3704  
29.6490 -6.8007 90.8879  
29.6820 -4.5629 76.9798  
29.7160 -2.0980 73.5060  
29.7520 0.4354 61.2436  
29.7830 2.9659 64.8034  
29.8130 5.4338 57.5683  
29.8490 7.7854 28.0786  
29.8830 9.3573 -160.3937  
29.9160 10.7004 26.9709  
29.9490 12.2152 143.0404  
29.9830 12.9999 -126.4936  
30.0160 13.8533 97.7811  
30.0490 14.4546 -0.6382  
30.0830 14.7316 -30.5503  
30.1160 14.6072 -60.7574  
30.1490 14.0899 -66.7348  
30.1830 13.2199 -74.0006  
30.2160 12.6896 -62.3238  
30.2490 11.7253 -104.5172  
30.2820 10.0206 -81.3404  
30.3160 8.4896 -75.4092  
30.3490 6.2948 -103.3802  
30.3820 3.9145 -56.8310  
30.4160 1.4061 -68.2308  
30.4490 -1.1046 -61.4545  
30.4830 -3.5823 -55.0675  
30.5160 -5.9301 -36.8575  
30.5490 -8.0072 19.6654  
30.5820 -9.4144 98.4938  
30.6160 -11.5039 -279.5925  
30.6500 -12.9568 111.7952  
30.6820 -13.4283 200.0716  
30.7150 -14.1257 -125.2621  
30.7490 -14.5957 -1.3454  
30.7830 -14.6911 50.4994  
30.8160 -14.3993 60.6256  
30.8490 -13.7505 71.2907  
30.8820 -12.9632 61.6635  
30.9160 -12.2489 74.1266  
30.9490 -10.2542 99.9328  
30.9830 -8.3549 83.7273  
31.0150 -6.8105 89.1895  
31.0490 -4.5841 78.9873  
31.0820 -2.1032 75.7334  
31.1160 0.4299 65.8591  
31.1490 2.9644 61.0622  
31.1820 5.4324 51.1049  
31.2160 7.7772 23.6456  
31.2490 9.4546 -125.8853  
31.2820 10.7588 -13.1380  
31.3160 12.3359 163.9649  
31.3490 13.1165 -154.8633  
31.3830 13.7627 39.4460  
31.4160 14.4166 78.0907  
31.4500 14.6944 -44.7541  
31.4820 14.5820 -58.9936  
31.5160 14.0677 -68.5935  
31.5490 13.2525 -66.8217  
31.5820 12.6164 -71.6227  
31.6160 11.7069 -93.1559  
31.6490 9.9556 -86.1352  
31.6820 8.4236 -88.4444  
31.7160 6.4517 -89.9068  
31.7490 4.0346 -56.8256  
31.7830 1.5508 -64.4019  
31.8160 -0.9794 -71.2440  
31.8500 -3.4442 -49.3497  
31.8860 -5.8395 -41.9575  
31.9160 -7.9349 21.1974  
31.9510 -9.4293 81.1963  
31.9820 -11.3767 -237.7801  
32.0160 -12.8344 58.1491  
32.0490 -13.3119 204.4163  
32.0820 -13.9845 -115.9401  
32.1150 -14.4832 -13.6874  
32.1490 -14.5752 50.4994  
32.1820 -14.3152 55.8033  
32.2160 -13.6689 69.2149  
32.2490 -12.8528 70.6931  
32.2820 -12.0207 90.9990  
32.3160 -10.1839 78.6931  
32.3490 -8.2601 86.2645  
32.3820 -6.7413 81.6746  
32.4160 -4.5555 83.6580  
32.4490 -2.0878 71.7392  
32.4820 0.4453 71.8490  
32.5160 2.9998 60.4602  
32.5470 5.4881 54.5738  
32.5820 7.7885 12.9405  
32.6160 9.4263 -106.5447  
32.6490 10.8775 24.5237  
32.6820 12.6670 188.7884  
32.7150 13.4930 -210.3159  
32.7490 14.2870 74.2752  
32.7830 14.9016 16.8293  
32.8160 15.1794 -30.1734  
32.8490 15.0629 -57.2059  
32.8820 14.5600 -65.8295  
32.9160 13.7753 -69.5565  
32.9490 13.0990 -76.9391  
32.9820 12.0583 -85.8726  
33.0160 10.1104 -83.6085  
33.0490 8.5731 -85.9063  
33.0820 6.5164 -80.8382  
33.1160 4.1677 -69.0615  
33.1490 1.6838 -71.1389  
33.1820 -0.8112 -60.5681  
33.2160 -3.2919 -59.7117  
33.2490 -5.6757 -42.2817  
33.2830 -7.8510 -13.3605  
33.3170 -9.3907 103.6200  
33.3490 -11.2163 -178.1982  
33.3820 -12.6868 21.6930  
33.4160 -13.6141 81.3108  
33.4490 -14.3554 -14.7815  
33.4830 -14.8381 6.9850  
33.5160 -14.9691 46.0357  
33.5490 -14.7091 56.9463  
33.5820 -14.0743 71.3123  
33.6160 -13.1766 63.9526  
33.6490 -12.3466 86.2413  
33.6820 -10.6634 85.7615  
33.7160 -8.7826 79.1458  
33.7490 -6.8771 91.2715  
33.7820 -4.6544 81.3704  
33.8160 -2.2027 74.3101  
33.8490 0.3181 66.9845  
33.8820 2.8565 62.2651  
33.9160 5.3125 44.9925  
33.9490 7.6486 29.5510  
33.9820 9.2686 -130.7724  
34.0160 10.6580 15.4264  
34.0490 12.4392 200.2862  
34.0820 13.1281 -239.7244  
34.1160 13.8344 84.0642  
34.1490 14.5063 66.1571  
34.1830 14.8002 -46.1624  
34.2170 14.6998 -55.5234  
34.2490 14.2293 -67.8867  
34.2830 13.4247 -69.5565  
34.3160 12.8153 -71.6227  
34.3490 11.8368 -95.9788  
34.3830 9.9288 -78.9595  
34.4160 8.5285 -85.9063  
34.4500 6.5598 -83.0968  
34.4820 4.1379 -73.3869  
34.5150 1.6540 -66.3535  
34.5490 -0.8410 -58.7866  
34.5830 -3.3098 -56.1886  
34.6160 -5.6935 -45.9116  
34.6490 -7.8470 -1.8306  
34.6830 -9.3311 103.7192  
34.7150 -11.1780 -197.2647  
34.7500 -12.7149 7.5914  
34.7820 -13.2397 227.9680  
34.8150 -13.9853 -138.0692  
34.8500 -14.4680 12.5330  
34.8820 -14.5990 47.4743  
34.9160 -14.3510 55.2714  
34.9530 -13.7162 63.6029  
34.9820 -12.8579 74.9789  
35.0160 -12.0845 78.7287  
35.0500 -10.3955 83.6619  
35.0830 -8.4642 81.4375  
35.1160 -6.9614 91.2582  
35.1490 -4.7503 76.5412  
35.1820 -2.3173 80.5432  
35.2160 0.2035 70.5070  
35.2490 2.7379 61.0496  
35.2830 5.2101 50.9273  
35.3150 7.5305 20.5345  
35.3500 9.1725 -117.3606  
35.3830 10.5129 -5.2258  
35.4160 11.8900 92.5793  
35.4490 12.5948 -112.4572  
35.4830 13.0023 -13.1514  
35.5160 13.6307 147.4840  
35.5490 13.9246 -28.7267  
35.5830 13.8283 -55.5234  
35.6200 13.3385 -59.5431  
35.6370 12.5472 -138.7101  
35.6830 11.9450 -48.1758  
35.7160 11.0459 -95.1995  
35.7490 9.5579 -85.9032  
35.7820 8.1733 -81.1058  
35.8160 6.5193 -92.3678  
35.8490 4.1596 -66.3852  
35.8820 1.6943 -60.7200  
35.9160 -0.8040 -65.2532  
35.9490 -3.2658 -55.6618  
35.9850 -5.6472 -43.1860  
36.0150 -7.7813 8.5638  
36.0490 -9.2309 108.9441  
36.0830 -11.0352 -187.7293  
36.1160 -12.5772 -1.6138  
36.1490 -13.0862 217.8571  
36.1830 -13.8250 -131.9841  
36.2160 -14.3583 1.5015  
36.2490 -14.4981 52.0524  
36.2830 -14.2508 59.7958  
36.3160 -13.6319 65.5366  
36.3490 -12.8192 66.4765  
36.3830 -12.1100 78.5150  
36.4160 -10.4664 89.7228  
36.4490 -8.5299 87.1468  
36.4820 -7.0125 90.8860  
36.5160 -4.7943 74.0889  
36.5490 -2.3426 72.3075  
36.5830 0.1744 69.6875  
36.6160 2.7055 65.9112  
36.6500 5.1729 44.8506  
36.6830 7.5122 27.6650  
36.7160 9.1631 -127.7145  
36.7490 10.4408 -23.3545  
36.7820 11.9416 154.7453  
36.8160 12.6318 -150.1940  
36.8490 13.0354 -10.5256  
36.8820 13.6723 143.0134  
36.9160 13.9984 -21.7377  
36.9490 13.8983 -63.2187  
36.9830 13.4451 -59.0123  
37.0160 12.6672 -70.7403  
37.0490 12.0743 -71.6353  
37.0830 11.2576 -88.5272  
37.1170 9.6458 -83.6158  
37.1490 8.2877 -80.3059  
37.1830 6.6381 -95.9760  
37.2160 4.2989 -65.9252  
37.2500 1.8148 -64.3877  
37.2830 -0.6799 -66.3972  
37.3150 -3.1416 -52.4233  
37.3500 -5.5210 -43.1457  
37.3830 -7.7146 -15.3684  
37.4160 -9.1007 153.5149  
37.4500 -10.8998 -205.1024  
37.4820 -12.4543 -3.8794  
37.5160 -12.9776 207.3277  
37.5490 -13.7188 -131.9381  
37.5830 -14.2334 2.2426  
37.6160 -14.3731 47.1979  
37.6500 -14.1450 58.8517  
37.6830 -13.5623 61.7044  
37.7160 -12.6955 70.6943  
37.7500 -12.0360 88.0454  
37.7830 -10.4106 81.4023  
37.8160 -8.5039 81.4375  
37.8490 -7.0328 81.6389  
37.8820 -4.8260 90.9798  
37.9160 -2.3903 69.5976  
37.9490 0.1267 71.7992  
37.9820 2.6328 57.3536  
38.0160 5.1205 54.4781  
38.0490 7.4864 33.7688  
38.0830 9.0050 -161.1514  
38.1170 10.3495 27.8167  
38.1600 11.5479 28.5071  
38.1740 12.2897 -133.7043  
38.2160 12.6813 -11.8893  
38.2500 13.3230 143.1462  
38.2820 13.6329 -29.6244  
38.3160 13.5648 -55.5234  
38.3490 13.1103 -60.9844  
38.3820 12.2918 -76.5093  
38.4160 11.8148 -60.7053  
38.4490 10.9440 -90.6848  
38.4820 9.6821 -81.3745  
38.5160 8.3080 -88.0405  
38.5490 6.6856 -90.3858  
38.5820 4.3554 -66.9985  
38.6150 1.9032 -65.6968  
38.6490 -0.5759 -63.4385  
38.6830 -3.0447 -56.1533  
38.7160 -5.3965 -41.0624  
38.7500 -7.5473 -1.5624  
38.7830 -9.0219 114.1912  
38.8160 -10.8897 -200.5023  
38.8500 -12.4794 -6.2737  
38.8830 -13.0102 230.5283  
38.9160 -13.7225 -122.0122  
38.9490 -14.2486 -9.2916  
38.9820 -14.4114 44.7383  
39.0160 -14.1794 59.9750  
39.0500 -13.6083 59.8896  
39.0830 -12.7985 70.6943  
39.1160 -12.0809 86.2640  
39.1500 -10.4341 78.6832  
39.1830 -8.4973 81.4242  
39.2160 -7.0360 86.4365  
39.2500 -4.8878 83.6264  
39.2830 -2.4697 72.4834  
39.3160 0.0351 70.9830  
39.3500 2.5373 59.2309  
39.3820 5.0044 52.6695  
39.4160 7.3095 20.9507  
39.4500 8.8278 -147.6722  
39.4820 10.1735 29.6567  
39.5490 11.3304 11.9338  
39.5830 12.0223 -52.8963  
39.6160 12.9213 148.9307  
39.6490 13.4815 -30.1734  
39.6830 13.6187 -55.5234  
39.7160 13.3533 -60.9844  
39.7490 12.6827 -71.6852  
39.7820 11.7046 -71.6353  
39.8160 10.9275 -88.5272  
39.8500 9.7712 -83.6158  
39.8830 8.2830 -76.3688  
39.9150 6.6591 -98.5853  
39.9500 4.3241 -62.7561  
39.9830 1.8719 -65.6968  
40.0160 -0.5946 -61.5594  
40.0500 -3.0595 -58.6918  
40.0830 -5.4272 -42.2484  
40.1150 -7.5479 3.3403  
40.1500 -9.0258 97.6397  
40.1830 -10.8514 -191.4881  
40.2160 -12.4515 -8.0622  
40.2490 -13.0881 196.3650  
40.2830 -13.7962 -85.6062  
40.3160 -14.3223 -10.5708  
40.3500 -14.4977 43.4225  
40.3830 -14.2728 60.8195  
40.4150 -13.7017 64.6360  
40.4500 -12.9238 62.1234  
40.4830 -12.2029 86.2873  
40.5160 -10.5825 81.0653  
40.5500 -8.6670 79.0171  
40.5860 -7.0983 83.6310  
40.6150 -4.9701 92.5625  
40.6500 -2.5680 68.3145  
40.6830 -0.0633 75.8293  
40.7160 2.4421 61.0258  
40.7490 4.9137 52.4203  
40.7820 7.2733 31.9447  
40.8160 8.8123 -157.5660  
40.8490 10.1186 10.5256  
40.9170 11.1463 -1.4629  
40.9490 12.2741 125.3633  
40.9830 13.1795 13.5278  
41.0170 13.7557 -26.4780  
41.0490 13.9089 -53.9845  
41.0820 13.6563 -61.9530  
41.1160 12.9654 -78.0335  
41.1490 11.9469 -67.3444  
41.1830 11.1648 -88.0097  
41.2160 10.0795 -81.3664  
41.2520 8.7363 -74.3894  
41.2830 6.7253 -86.0511  
41.3160 4.3998 -81.3215  
41.3490 1.9634 -60.9012  
41.3820 -0.5192 -66.3550  
41.4160 -2.9848 -55.1470  
41.4500 -5.3366 -44.5506  
41.4830 -7.4437 6.8144  
41.5150 -8.9089 107.0857  
41.5500 -10.7822 -193.3231  
41.5820 -12.3771 3.3339  
41.6160 -12.9649 217.7195  
41.6490 -13.6788 -119.5296  
41.6820 -14.2368 -13.6357  
41.7160 -14.4083 49.2434  
41.7490 -14.2208 51.9832  
41.7830 -13.6496 68.2870  
41.8160 -12.8974 61.6954  
41.8490 -12.2208 80.9125  
41.8830 -10.5838 83.4647  
41.9160 -8.6738 85.9580  
41.9490 -7.2050 90.6358  
41.9830 -5.0728 79.0639  
42.0160 -2.6573 72.2501  
42.0490 -0.1724 71.7518  
42.0830 2.3423 59.2201  
42.1160 4.7977 52.3959  
42.1500 7.1421 27.2293  
42.1830 8.7128 -153.5591  
42.2160 10.0344 10.5256  
42.2840 11.1005 4.1507  
42.3160 12.2276 112.4800  
42.3490 13.1104 7.4730  
42.3830 13.6892 -19.3051  
42.4160 13.8547 -53.4918  
42.4490 13.6181 -60.8098  
42.4830 12.9569 -74.0667  
42.5160 11.9990 -61.8308  
42.5490 11.2486 -90.6936  
42.5830 10.1790 -83.6323  
42.6160 8.8135 -81.1628  
42.6490 6.7739 -95.1559  
42.6830 4.4907 -64.4122  
42.7160 2.0544 -66.3111  
42.7490 -0.4086 -61.5413  
42.7820 -2.8704 -60.4603  
42.8160 -5.2357 -45.6877  
42.8490 -7.3590 11.5013  
42.8830 -8.8464 99.0155  
42.9160 -10.5993 -166.6312  
42.9500 -12.2958 -62.2118  
42.9830 -12.8522 250.3762  
43.0160 -13.5779 -117.7047  
43.0500 -14.1359 -15.0059  
43.0830 -14.3233 50.7356  
43.1160 -14.1430 50.9823  
43.1500 -13.5877 64.5927  
43.1830 -12.8509 66.5026  
43.2160 -12.2205 69.7784  
43.2490 -10.7044 101.7672  
43.2830 -8.7081 79.0171  
43.3150 -7.2528 89.1264  
43.3490 -5.1248 83.6171  
43.3830 -2.7067 70.3238  
43.4160 -0.2218 70.9734  
43.4500 2.3000 60.3578  
43.4830 4.7713 51.2238  
43.5160 7.1399 35.3716  
43.5490 8.9459 -100.6935  
43.5830 10.3234 -27.2529  
43.6490 11.5246 14.0008  
43.6830 12.2324 -61.2732  
43.7150 13.0999 138.7851  
43.7500 13.6922 -10.3132  
43.7820 13.8775 -54.0086  
43.8170 13.6403 -62.0914  
43.8500 12.9974 -71.7068  
43.8820 12.0153 -69.5001  
43.9160 11.0821 -83.3741  
43.9490 9.9730 -81.3924  
43.9830 8.4877 -83.4298  
44.0160 6.8811 -99.9281  
44.0490 4.6093 -66.9784  
44.0830 2.1726 -59.1121  
44.1160 -0.2943 -61.5237  
44.1500 -2.7471 -59.7958  
44.1830 -5.1148 -45.8957  
44.2160 -7.2695 -2.8337  
44.2500 -8.7972 101.0229  
44.2830 -10.6641 -184.1909  
44.3190 -12.3065 -16.4223  
44.3440 -12.8810 295.2502  
44.3710 -13.5664 -122.9627  
44.4170 -14.1071 -12.2006  
44.4490 -14.3302 35.7667  
44.4830 -14.1586 56.2844  
44.5170 -13.6193 63.6212  
44.5490 -12.8532 67.9472  
44.5830 -12.2090 65.1917  
44.6160 -10.6262 100.2079  
44.6500 -8.6998 83.6614  
44.6830 -7.2423 81.6183  
44.7160 -5.1617 88.1911  
44.7500 -2.7927 68.3078  
44.7830 -0.3040 70.9644  
44.8200 2.1947 54.4090  
44.8490 4.6498 59.5957  
44.8830 6.9853 28.7602  
44.9170 8.8390 -76.5224  
44.9500 10.2206 -42.8392  
45.0170 11.5042 27.8173  
45.0500 12.2278 -88.0700  
45.0830 13.1566 150.3778  
45.1170 13.7606 -27.2288  
45.1490 13.9581 -53.8438  
45.1830 13.7567 -58.0863  
45.2160 13.1300 -76.5573  
45.2500 12.1830 -65.4119  
45.2860 11.2127 -78.7422  
45.3160 10.0995 -94.7938  
45.3500 8.5319 -78.7868  
45.3830 7.0040 -76.0674  
45.4170 4.7117 -78.8632  
45.4500 2.2952 -65.6983  
45.4830 -0.1679 -66.3149  
45.5170 -2.6208 -55.1062  
45.5500 -4.9885 -50.7275  
45.5830 -7.1902 -17.1135  
45.6170 -8.7439 107.2449  
45.6500 -10.3963 -116.1046  
45.6830 -11.9802 -60.3838  
45.7190 -12.7274 162.6590  
45.7500 -13.0400 53.7121  
45.7830 -13.6007 -140.8909  
45.8160 -13.8199 37.1558  
45.8500 -13.6676 54.1755  
45.8830 -13.1283 66.5501  
45.9160 -12.3151 65.8882  
45.9500 -11.5975 79.1291  
45.9830 -10.2292 81.0627  
46.0160 -8.3931 81.3882  
46.0500 -6.8574 83.8644  
46.0830 -5.2022 86.6807  
46.1160 -2.8289 76.6946  
46.1540 -0.3601 57.4147  
46.1830 2.1296 70.7080  
46.2170 4.5848 54.4395  
46.2500 6.9585 41.2264  
46.2820 8.8983 -51.5415  
46.3160 10.2715 -87.9974  
46.3490 11.5061 39.4360  
46.3830 12.5802 36.6458  
46.4170 13.0336 -98.4334  
46.4490 13.7311 155.3663  
46.4830 14.1213 -26.2223  
46.5160 14.1175 -57.2325  
46.5500 13.7242 -60.1308  
46.5830 12.9613 -70.7479  
46.6160 12.1411 -67.3941  
46.6500 11.3207 -88.0262  
46.6830 10.1016 -81.3831  
46.7160 8.5057 -76.4025  
46.7500 6.9621 -83.0912  
46.7840 4.6689 -74.2334  
46.8030 2.2480 -114.1075  
46.8500 -0.2028 -46.5615  
46.8830 -2.6366 -56.7761  
46.9160 -4.9883 -45.8912  
46.9500 -7.1557 -11.1831  
46.9830 -8.6681 107.7854  
47.0160 -10.3214 -124.0989  
47.0500 -12.0117 -85.0216  
47.0830 -12.7302 208.8619  
47.1160 -13.4440 -75.0378  
47.1490 -14.0335 -28.0668  
47.1870 -14.2567 38.8435  
47.2160 -14.1011 65.9885  
47.2490 -13.5936 60.7397  
47.2830 -12.8148 68.6183  
47.3160 -12.1384 76.7414  
47.3490 -10.7850 81.0624  
47.3830 -8.8582 83.6395  
47.4160 -7.3364 86.1004  
47.4500 -5.2818 83.8970  
47.4830 -2.8982 71.6484  
47.5150 -0.4255 73.9477  
47.5500 2.0571 57.5086  
47.5830 4.5281 57.2325  
47.6160 6.8446 23.8427  
47.6500 8.6798 -67.0278  
47.6870 10.0235 -60.5502  
47.7500 11.3239 38.2473  
47.7830 12.0494 -88.0741  
47.8160 13.0030 155.5451  
47.8500 13.6037 -34.2454  
47.8830 13.8057 -49.1008  
47.9160 13.6172 -57.3479  
47.9500 13.0172 -65.4976  
47.9830 12.0893 -75.4960  
48.0160 11.1059 -85.9006  
48.0500 10.0779 -78.9985  
48.0860 8.5410 -74.4208  
48.1010 7.0280 -177.8461  
48.1500 4.7355 -54.3259  
48.1820 2.3407 -68.3569  
48.2170 -0.1077 -61.6084  
48.2500 -2.5414 -52.9201  
48.2830 -4.9199 -50.7198  
48.3160 -7.0707 -6.4985  
48.3500 -8.8528 25.0616  
48.3830 -10.4376 -21.6270  
48.4160 -12.2781 -158.6362  
48.4500 -12.9965 251.5399  
48.4820 -13.7349 -89.4134  
48.5170 -14.2545 0.0238  
48.5490 -14.4731 26.6609  
48.5820 -14.3493 50.8302  
48.6160 -13.8418 63.6280  
48.6490 -13.0934 66.5164  
48.6820 -12.2105 66.5595  
48.7160 -10.9414 92.6189  
48.7500 -8.8646 83.5752  
48.7830 -7.3587 86.1667  
48.8150 -5.2832 88.5767  
48.8500 -2.9696 68.0697  
48.8830 -0.5206 66.8591  
48.9160 1.9779 65.8418  
48.9500 4.4328 50.8089  
48.9820 6.8108 44.5598  
49.0160 8.4247 -160.1374  
49.0500 9.7684 13.1599  
49.1170 11.1381 46.2779  
49.1500 11.8785 -104.4936  
49.1830 12.7921 138.3720  
49.2160 13.4307 -11.1752  
49.2500 13.6762 -50.6994  
49.2830 13.5036 -60.8298  
49.3160 12.9249 -70.7647  
49.3500 11.9650 -70.1251  
49.3830 11.2820 -81.1144  
49.4190 10.2698 -79.0141  
49.4500 8.6638 -91.5168  
49.4820 7.1505 -78.8034  
49.5170 4.9137 -76.2640  
49.5490 2.4811 -72.6917  
49.5820 0.0179 -61.5066  
49.6160 -2.4319 -55.0864  
49.6500 -4.8155 -49.2281  
49.6830 -7.0177 -17.2655  
49.7160 -8.4632 148.1516  
49.7500 -10.0638 -129.2569  
49.7830 -11.7758 -119.7016  
49.8160 -12.4156 248.4568  
49.8490 -13.1567 -111.5747  
49.8830 -13.7107 -13.3971  
49.9160 -13.9618 30.2965  
49.9500 -13.8381 55.1682  
49.9830 -13.3465 60.7445  
50.0160 -12.5625 71.3281  
50.0500 -12.0478 64.6019  
50.0830 -10.7629 100.2113  
50.1160 -8.8144 81.3882  
50.1500 -7.4166 79.2002  
50.1820 -5.3504 93.7813  
50.2170 -3.0158 63.6989  
50.2500 -0.5470 70.9480  
50.2830 1.9392 62.1134  
50.3170 4.4100 54.4276  
50.3490 6.7862 43.9902  
50.3830 8.6847 -75.8646  
50.4160 10.0909 -49.0258  
50.4500 11.3928 48.3649  
50.4840 12.5180 27.1959  
50.5160 12.9732 -115.5780  
50.5490 13.6873 146.0279  
50.5840 14.0935 -21.1074  
50.6170 14.1218 -52.3720  
50.6490 13.7766 -58.9235  
50.6830 13.0570 -68.6834  
50.7160 12.3569 -72.2501  
50.7500 11.5668 -74.0740  
50.7840 10.3278 -83.6731  
50.8160 8.7283 -83.7501  
50.8500 7.2161 -83.0944  
50.8830 4.9540 -81.2314  
50.9160 2.5489 -65.6998  
50.9500 0.1138 -59.6815  
50.9830 -2.3360 -61.5614  
51.0160 -4.7036 -45.8870  
51.0490 -6.8615 -8.6816  
51.0830 -8.6090 46.6454  
51.1160 -10.3490 -83.9783  
51.1500 -12.0548 -68.7372  
51.1830 -12.9217 168.6099  
51.2160 -13.2501 81.9380  
51.2500 -13.8337 -138.8479  
51.2830 -14.0808 40.4919  
51.3170 -13.9571 49.3352  
51.3500 -13.4814 60.7445  
51.3830 -12.7417 71.3281  
51.4160 -11.9410 66.5595  
51.4500 -10.5476 92.7862  
51.4830 -8.6526 81.2050  
51.5170 -7.0448 79.1924  
51.5490 -5.3913 98.7362  
51.5830 -3.0588 60.8769  
51.6160 -0.6259 70.9407  
51.6490 1.8443 62.0901  
51.6830 4.2989 54.4161  
51.7160 6.6074 27.0253  
51.7500 8.2113 -142.6258  
51.7830 9.6135 34.4726  
51.8170 11.0194 79.8916  
51.8510 12.2224 19.5186  
51.8830 12.8550 -79.5013  
51.9170 13.5536 80.2996  
51.9500 13.9743 -13.2883  
51.9840 14.0309 -46.8222  
52.0170 13.7017 -60.8298  
52.0500 13.0658 -65.9322  
52.0830 12.6604 -77.0827  
52.1170 11.9053 -69.4183  
52.1500 10.5782 -91.0054  
52.1830 8.9167 -81.2122  
52.2170 7.2272 -83.0944  
52.2500 4.9965 -81.2314  
52.2830 2.6087 -60.9128  
52.3170 0.1613 -64.3277  
52.3490 -2.2725 -58.5089  
52.3830 -4.6402 -44.5338  
52.4170 -6.8377 -24.7896  
52.4510 -8.4313 108.2425  
52.4790 -10.0483 -115.6624  
52.5030 -11.6635 -110.8651  
52.5500 -12.3045 147.1594  
52.5830 -12.6427 10.5044  
52.6020 -13.1940 -217.9193  
52.6500 -13.4609 13.6696  
52.6830 -13.3690 52.0208  
52.7160 -12.8934 70.3754  
52.7500 -12.1140 64.5601  
52.7830 -11.4830 66.5595  
52.8160 -10.2284 90.8249  
52.8500 -8.4399 78.7939  
52.8830 -7.0737 81.5846  
52.9160 -5.4422 90.9235  
52.9500 -3.1579 70.2184  
52.9830 -0.7051 70.9407  
53.0160 1.7809 62.0901  
53.0500 4.2037 49.6829  
53.0870 6.5475 38.0107  
53.1010 8.6964 17.6141  
53.1500 10.1212 -86.5900  
53.1820 11.4784 62.5730  
53.2170 12.8427 78.9656  
53.2500 13.5093 -120.5379  
53.2830 14.1873 75.8414  
53.3160 14.6051 -7.9260  
53.3500 14.6457 -50.6765  
53.3830 14.3326 -55.9804  
53.4170 13.6428 -69.4389  
53.4540 12.6925 -63.7451  
53.4680 11.9146 -179.8939  
53.5170 10.6520 -58.0589  
53.5500 8.8293 -85.9832  
53.5830 7.1533 -76.0733  
53.6170 4.9590 -78.8220  
53.6490 2.5875 -63.5805  
53.6830 0.1530 -69.1735  
53.7170 -2.2649 -49.4696  
53.7500 -4.6140 -50.7058  
53.7840 -6.8053 -22.9244  
53.8170 -8.2616 146.3783  
53.8500 -9.8981 -140.7838  
53.8830 -11.6043 -107.1409  
53.9170 -12.4542 178.0387  
53.9490 -13.1968 -50.2247  
53.9840 -13.8140 -22.2884  
54.0190 -14.0618 38.3138  
54.0330 -13.9732 120.1829  
54.0840 -13.5135 39.9621  
54.1160 -12.7584 67.9483  
54.1500 -12.2646 65.2316  
54.1830 -11.0071 90.6425  
54.2160 -9.1116 86.1540  
54.2500 -7.5365 83.8477  
54.2830 -5.5005 90.9312  
54.3160 -3.1796 62.6989  
54.3500 -0.7588 68.8477  
54.3830 1.7147 66.9326  
54.4200 4.1533 45.6545  
54.4330 6.5312 120.6127  
54.4840 8.5800 -21.0656  
54.5170 10.0011 -99.5301  
54.5500 11.3316 58.6586  
54.5840 12.5984 65.1491  
54.6170 13.2363 -99.6800  
54.6490 13.9328 83.0033  
54.6830 14.3870 -2.4162  
54.7160 14.4475 -52.3959  
54.7500 14.1344 -60.1782  
54.7830 13.4470 -65.9322  
54.8170 12.6126 -74.8155  
54.8500 11.8707 -71.5219  
54.8830 10.6348 -91.0054  
54.9170 8.9095 -78.8236  
54.9500 7.2610 -76.3958  
54.9870 5.0800 -72.1287  
55.0010 2.6879 -156.6118  
55.0500 0.2495 -44.7538  
55.0830 -2.1684 -55.7858  
55.1170 -4.5361 -49.2144  
55.1500 -6.7260 -23.2116  
55.1830 -8.2982 115.6600  
55.2170 -9.8956 -95.7540  
55.2500 -11.7786 -167.7520  
55.2830 -12.5433 262.4985  
55.3170 -13.3064 -78.0427  
55.3490 -13.9192 -21.5234  
55.3830 -14.2028 32.2986  
55.4160 -14.1302 52.1778  
55.4500 -13.6705 64.6343  
55.4830 -12.9167 65.8892  
55.5170 -12.3387 60.5812  
55.5500 -11.1201 95.4338  
55.5830 -9.0795 81.3577  
55.6170 -7.6360 79.1784  
55.6500 -5.6112 95.7267  
55.6830 -3.2947 67.5104  
55.7170 -0.8540 68.8477  
55.7490 1.6194 64.0068  
55.7840 4.0419 48.2561  
55.8170 6.4037 47.4912  
55.8500 8.5087 -15.4173  
55.8740 9.9536 -143.7689  
55.9000 11.3168 71.8084  
55.9490 12.5277 23.8578  
55.9840 13.0147 -116.5780  
56.0170 13.6807 121.7557  
56.0500 14.1217 2.7777  
56.0840 14.1982 -46.9768  
56.1160 13.9172 -58.9462  
56.1500 13.2407 -70.2301  
56.1830 12.3640 -76.0721  
56.1990 11.6128 -137.2301  
56.2500 10.3754 -58.7307  
56.2830 8.7377 -85.8643  
56.3170 7.2560 -74.1488  
56.3500 5.1055 -80.8715  
56.3830 2.7291 -65.7043  
56.4000 0.2938 -128.6202  
56.4500 -2.1242 -34.2520  
56.4840 -4.4707 -49.2082  
56.5170 -6.6670 -30.5452  
56.5500 -8.5870 17.1801  
56.5840 -10.0759 38.6971  
56.6170 -11.9139 -191.6249  
56.6500 -12.9032 180.7444  
56.6840 -13.6119 4.0773  
56.7170 -14.2296 -38.1615  
56.7490 -14.5085 37.5588  
56.7660 -14.4484 98.6792  
56.8160 -14.0204 40.0949  
56.8320 -13.2721 137.2504  
56.8840 -12.3608 42.2492  
56.9160 -11.2813 93.6980  
56.9320 -9.3016 167.3442  
56.9830 -7.6333 55.8891  
57.0160 -5.6630 95.7267  
57.0320 -3.3600 129.2705  
57.0840 -0.9270 48.0834  
57.1200 1.5393 55.8863  
57.1340 3.9777 123.2339  
57.1840 6.3532 31.3442  
57.2170 8.4811 -8.4755  
57.2490 9.9362 -116.5355  
57.2660 11.3504 133.4557  
57.3160 12.7135 46.7805  
57.3320 13.1955 -353.2650  
57.3840 13.8902 80.6862  
57.4170 14.3225 -3.7591  
57.4500 14.3987 -46.9100  
57.4840 14.1177 -54.3412  
57.5170 13.4412 -72.3583  
57.5490 12.5435 -77.8578  
57.5660 11.7986 -129.5232  
57.6170 10.5264 -58.8944  
57.6540 8.7680 -68.1901  
57.6680 7.2912 -202.5658  
57.7160 5.1280 -55.5992  
57.7320 2.7761 -125.6503  
57.7840 0.3446 -45.0843  
57.8170 -2.0734 -51.8970  
57.8500 -4.4199 -50.6994  
57.8830 -6.6180 -30.5452  
57.8990 -8.5102 53.6052  
57.9500 -10.0890 2.5710  
57.9660 -12.0554 -399.9839  
58.0170 -13.0302 138.8193  
58.0500 -13.7973 -17.9180  
58.0660 -14.4704 -66.9220  
58.1170 -14.7493 31.3328  
58.1490 -14.6892 52.4233  
58.1660 -14.2613 117.9261  
58.2170 -13.5130 43.0590  
58.2490 -12.6308 68.6549  
58.2660 -11.4776 167.1042  
58.3180 -9.4009 54.5206  
58.3500 -7.7471 89.0732  
58.3830 -5.7343 90.9166  
58.3990 -3.3939 137.7556  
58.4490 -0.9769 47.2718  
58.4660 1.4734 118.3317  
58.5220 3.9118 33.6653  
58.5370 6.2207 60.0912  
58.5700 8.3428 9.9540  
58.5990 9.8400 -117.5285  
58.6500 11.3195 52.1285  
58.6660 12.6955 113.4227  
58.7170 13.1933 -113.3515  
58.7500 13.9125 133.8605  
58.7830 14.3300 -19.7871  
58.8170 14.4188 -37.5394  
58.8500 14.1345 -55.9126  
58.8830 13.5245 -71.3572  
58.8990 12.6326 -155.7155  
58.9500 11.8759 -40.3273  
58.9830 10.5384 -95.4186  
59.0170 8.7671 -74.2069  
59.0500 7.2914 -85.6183  
59.0840 5.1218 -74.1570  
59.1160 2.8006 -67.7607  
59.1500 0.3885 -64.2930  
59.1830 -2.0261 -56.6976  
59.1990 -4.3727 -104.5675  
59.2500 -6.5843 -22.4038  
59.2660 -8.4946 59.8026  
59.3160 -9.9677 24.4508  
59.3840 -11.2304 -6.1506  
59.4170 -12.2466 -10.9530  
59.4320 -13.0839 -48.7719  
59.4840 -13.6171 16.7762  
59.4990 -13.7441 125.0969  
59.5490 -13.4835 40.0949  
59.5660 -12.8360 129.1769  
59.6170 -11.8545 43.0776  
59.6500 -10.6847 86.0840  
59.6660 -9.3536 177.1918  
59.7170 -7.7280 49.5286  
59.7500 -5.7339 100.7465  
59.7660 -3.4621 127.8181  
59.8170 -1.0253 49.4626  
59.8500 1.4251 60.9588  
59.8660 3.8635 117.8287  
59.9170 6.1770 18.5720  
59.9500 8.3023 9.5478  
59.9660 9.6886 -284.3515  
60.0170 11.2748 94.7954  
60.0500 12.6946 26.0885  
60.0660 13.1924 -368.3874  
60.1170 13.9291 86.9313  
60.1500 14.3466 -20.2750  
60.1660 14.4709 -57.5272  
60.2170 14.2026 -40.0316  
60.2500 13.6039 -71.3806  
60.2660 12.7246 -155.7217  
60.3010 12.0787 -63.2923  
60.3500 10.6503 -61.0390  
60.3830 8.8677 -81.2406  
60.4020 7.4235 -132.1501  
60.4510 5.2523 -57.8753  
60.4830 2.9311 -67.7607  
60.4990 0.4963 -128.5887  
60.5510 -1.9343 -38.4532  
60.5830 -4.2967 -52.2837  
60.5990 -6.4823 -45.2464  
60.6510 -8.3800 12.7784  
60.6830 -9.9339 13.9466  
60.7510 -11.2466 -3.9449  
60.7830 -12.0212 89.6634  
60.8160 -12.8653 -106.9689  
60.8330 -13.3945 57.6272  
60.8880 -13.5503 30.5039  
60.9020 -13.2897 154.5621  
60.9510 -12.6400 45.2577  
60.9830 -11.7004 67.9793  
61.0160 -10.5432 86.0840  
61.0320 -9.1787 157.4074  
61.0840 -7.5024 54.8068  
61.1160 -5.8131 93.7457  
61.1320 -3.5345 147.6512  
61.1830 -1.1176 46.3325  
61.2160 1.3522 66.8823  
61.2320 3.7745 105.5450  
61.2840 6.0859 21.3051  
61.3170 8.2158 10.9524  
61.3320 9.6021 -306.3983  
61.3840 11.1419 77.9563  
61.4170 12.5606 49.6645  
61.4330 13.0902 -368.2105  
61.4890 13.8317 80.0297  
61.5040 14.2652 -47.8164  
61.5500 14.3699 -23.4931  
61.5660 14.1176 -117.5854  
61.6170 13.5349 -43.0755  
61.6330 12.6509 -165.6411  
61.6840 12.0208 -40.3387  
61.7170 10.6705 -95.4202  
61.7320 8.8882 -178.7292  
61.7830 7.3879 -60.2154  
61.7990 5.2119 -142.2349  
61.8500 2.8908 -42.5165  
61.8660 0.4720 -128.5887  
61.9180 -1.9587 -38.4532  
61.9500 -4.3410 -53.5663  
61.9830 -6.5272 -20.8604  
62.0020 -8.4619 24.0743  
62.0340 -10.0053 23.8816  
62.1170 -11.3748 -11.3528  
62.1500 -12.4038 10.1304  
62.1660 -13.2894 -52.5913  
62.2170 -13.8186 27.3479  
62.2320 -13.9744 111.8475  
62.2840 -13.7297 38.5564  
62.3170 -13.0939 66.5611  
62.3320 -12.1854 135.9354  
62.3840 -11.0069 60.7139  
62.4170 -9.6530 76.3187  
62.4350 -7.9198 158.3306  
62.4840 -5.9202 61.2217  
62.5160 -3.6138 69.5485  
62.5320 -1.1969 156.2390  
62.5840 1.2569 39.3608  
62.6170 3.6952 56.0326  
62.6320 6.0429 86.0789  
62.6830 8.1412 -8.9131  
62.6990 9.6345 -180.8165  
62.7510 11.1055 44.1344  
62.7830 12.5095 68.1661  
62.7990 13.0391 -359.0775  
62.8500 13.7824 85.5304  
62.8660 14.2270 -30.3986  
62.9170 14.3477 -23.3712  
62.9500 14.0954 -57.0111  
62.9660 13.4943 -137.3031  
63.0170 12.6895 -48.8562  
63.0500 11.9682 -62.3597  
63.0830 10.7025 -95.4225  
63.0990 8.9348 -177.4285  
63.1510 7.4523 -55.6457  
63.1830 5.2882 -76.6615  
63.2000 2.9717 -118.2688  
63.2510 0.5529 -43.4352  
63.2830 -1.8777 -62.4864  
63.2990 -4.2322 -89.6927  
63.3500 -6.4730 -26.5726  
63.3660 -8.3457 101.4084  
63.4170 -9.9237 -3.9367  
63.4840 -11.4853 -39.9417  
63.4990 -12.5399 145.1578  
63.5500 -13.4255 -14.9623  
63.5660 -13.9705 87.1713  
63.6170 -14.1422 29.7743  
63.6540 -13.9134 54.1930  
63.6680 -13.3055 168.2522  
63.7170 -12.3582 41.6129  
63.7500 -11.2732 90.8952  
63.7840 -9.9006 78.7089  
63.7990 -7.9753 189.9968  
63.8500 -5.9677 58.8208  
63.8840 -3.6613 65.4574  
63.8990 -1.2604 156.0180  
63.9510 1.2093 42.4292  
63.9840 3.6474 51.1665  
63.9990 6.0043 102.8990  
64.0510 8.1529 -0.8244  
64.0830 9.6533 -108.8740  
64.0990 11.1897 189.8360  
64.1510 12.5844 27.5414  
64.1830 13.1139 -176.5933  
64.1990 13.8476 266.6497  
64.2500 14.3392 -1.5721  
64.2660 14.4600 -93.9048  
64.3170 14.2397 -33.7621  
64.3500 13.6321 -70.5848  
64.3660 12.7770 -157.4198  
64.4180 12.0658 -39.3043  
64.4510 10.7346 -95.8481  
64.4830 9.0078 -78.8757  
64.4990 7.5193 -204.2889  
64.5500 5.3648 -46.9206  
64.5660 3.0307 -117.2391  
64.6160 0.6119 -46.9987  
64.6330 -1.8029 -98.9278  
64.6840 -4.1600 -34.3701  
64.6990 -6.3964 -87.3857  
64.7500 -8.0547 73.2712  
64.7660 -9.3592 23.4005  
64.8510 -10.9691 -65.6116  
64.8830 -11.5940 205.6407  
64.8990 -12.4013 -263.5413  
64.9500 -12.9638 11.2268  
64.9660 -13.1355 97.3816  
65.0160 -12.9226 43.2831  
65.0320 -12.3328 125.9693  
65.0670 -11.3899 63.4297  
65.1040 -10.5366 76.8091  
65.1500 -9.4373 61.6023  
65.1660 -7.5270 158.3181  
65.2050 -5.9431 85.0442  
65.2500 -3.7309 45.9161  
65.2660 -1.3419 146.2577  
65.3170 1.1118 43.2458  
65.3320 3.5339 123.2500  
65.3840 5.8995 27.8749  
65.4170 8.0074 -10.8032  
65.4320 9.5186 -208.3589  
65.4840 11.1128 70.4630  
65.4990 12.5170 42.1936  
65.5540 13.0367 -100.5218  
65.5680 13.7171 262.4376  
65.6180 14.2513 17.5588  
65.6330 14.3881 -117.9348  
65.6840 14.1712 -33.0961  
65.6990 13.5730 -157.5511  
65.7500 12.7586 -49.3866  
65.7660 12.0682 -117.8344  
65.8170 10.6951 -62.0300  
65.8330 8.9904 -167.6222  
65.8840 7.5128 -63.9018  
65.9210 5.4432 -60.6673  
65.9350 3.0825 -145.2655  
65.9830 0.6954 -42.3455  
66.0170 -1.7228 -58.7977  
66.0330 -4.0799 -109.5548  
66.0840 -6.3047 -23.4362  
66.0990 -8.2111 86.5642  
66.1500 -9.5273 53.7003  
66.2170 -11.1033 -78.7996  
66.2330 -11.7193 396.2630  
66.2840 -12.5686 -89.7367  
66.2990 -13.1310 55.5922  
66.3510 -13.3344 29.9636  
66.3660 -13.1215 144.2770  
66.4170 -12.5318 39.5198  
66.4360 -11.6005 116.8441  
66.4840 -10.5157 59.0337  
66.4990 -9.4363 178.9165  
66.5510 -7.5599 51.7571  
66.5660 -5.9843 222.1695  
66.6170 -3.7619 37.0812  
66.6330 -1.3729 156.2119  
66.6840 1.0843 43.9302  
66.7170 3.5064 54.9649  
66.7330 5.8720 90.5935  
66.7660 8.0281 3.8048  
66.8170 9.5187 -74.9251  
66.8320 11.2006 306.4031  
66.8830 12.6354 4.3238  
66.8990 13.3093 -267.2836  
66.9510 13.6938 -19.2658  
66.9660 14.2281 266.3919  
67.0180 14.3813 -30.1759  
67.0510 14.1644 -57.2052  
67.0660 13.5663 -157.5511  
67.1170 12.7195 -46.2759  
67.1330 12.0505 -127.7498  
67.1840 10.6055 -62.0300  
67.2020 8.8859 -140.3255  
67.2500 7.3263 -55.7519  
67.2660 5.5686 -186.4807  
67.3170 3.2214 -37.2184  
67.3320 0.8144 -144.5444  
67.3840 -1.5879 -35.3917  
67.3990 -3.9251 -114.1425  
67.4510 -6.1008 -14.3206  
67.4840 -7.6273 134.7801  
67.4990 -9.2333 -263.9283  
67.5850 -10.8071 -25.6166  
67.6210 -11.4970 171.1654  
67.6350 -12.3309 -315.9264  
67.6840 -12.9229 10.6205  
67.6990 -13.1263 114.5322  
67.7510 -12.9452 38.5604  
67.7660 -12.3595 155.5641  
67.8170 -11.5090 37.3109  
67.8330 -10.8033 187.5113  
67.8840 -9.4341 52.4594  
67.8990 -7.5756 179.4245  
67.9510 -6.0317 57.9712  
67.9660 -3.8088 157.8966  
68.0170 -1.4169 43.3077  
68.0320 1.0242 147.4163  
68.0840 3.4502 35.6559  
68.0990 5.7505 71.7395  
68.1510 7.9518 17.5527  
68.1660 9.3447 -338.8772  
68.2180 10.9224 86.9760  
68.2330 12.3988 111.8696  
68.2660 12.9536 -187.9029  
68.3040 13.6455 98.4136  
68.3330 14.1884 24.7750  
68.3840 14.3419 -33.0034  
68.3990 14.1371 -115.2867  
68.4510 13.6042 -42.3851  
68.4660 12.7599 -146.7901  
68.5160 12.2035 -44.0588  
68.5330 10.8786 -186.1234  
68.5840 9.1174 -52.6237  
68.5990 7.7232 -168.7221  
68.6510 5.6737 -54.1020  
68.6700 3.3468 -108.1733  
68.6990 0.9556 -80.2294  
68.7510 -1.4626 -38.4447  
68.7660 -3.8157 -103.5590  
68.8170 -6.0618 -22.1820  
68.8330 -7.9709 72.9055  
68.8840 -9.2962 52.4316  
68.9510 -10.8737 -77.6890  
68.9660 -11.5781 413.2678  
69.0170 -12.4570 -89.3632  
69.0330 -13.0649 40.9349  
69.0840 -13.2683 33.6859  
69.1020 -13.0872 102.5581  
69.1510 -12.5151 48.0844  
69.1660 -11.6102 146.5012  
69.2170 -10.5219 58.8145  
69.2330 -9.4493 157.3640  
69.2840 -7.5870 52.7719  
69.2990 -6.0605 189.4036  
69.3510 -3.8400 45.8198  
69.3660 -1.4482 157.8641  
69.4170 0.9735 39.5440  
69.4330 3.4114 125.5313  
69.4830 5.7478 26.8098  
69.4990 7.9275 39.4461  
69.5510 9.3147 -94.7324  
69.5660 10.7829 221.8876  
69.6170 12.2398 50.5655  
69.6330 12.8220 -369.1971  
69.6840 13.2052 7.7091  
69.6990 13.7037 234.7533  
69.7510 13.8806 -23.0693  
69.7660 13.6797 -117.9272  
69.8170 13.1404 -40.0923  
69.8330 12.2859 -157.4954  
69.8840 11.7038 -43.1902  
69.8990 10.5040 -189.8412  
69.9560 8.7781 -47.0711  
69.9700 7.3760 -190.6328  
70.0010 5.6670 -86.3303  
70.0510 3.3867 -43.8196  
70.0660 1.0074 -146.0111  
70.1170 -1.3949 -39.1946  
70.1330 -3.7640 -107.0086  
70.1830 -6.0002 -23.8292  
70.1990 -7.5221 308.7664  
70.2510 -9.0842 -62.4847  
70.3180 -10.7815 -60.2379  
70.3330 -11.4881 482.6272  
70.3830 -12.4324 -101.0776  
70.3990 -13.0384 74.4630  
70.4500 -13.2577 32.8998  
70.4660 -13.0737 127.1261  
70.5170 -12.4993 42.9546  
70.5330 -11.5884 135.9375  
70.5840 -10.8872 55.7243  
70.5990 -9.5936 178.4202  
70.6510 -7.6279 51.6140  
70.6840 -6.1173 81.4892  
70.6990 -3.8651 157.4115  
70.7510 -1.4801 48.4601  
70.7660 0.9416 136.3140  
70.8170 3.3447 36.2381  
70.8330 5.6718 89.4401  
70.8840 7.8201 7.5855  
70.9030 9.3171 -193.2555  
70.9510 10.9634 86.8755  
70.9660 12.3841 28.5157  
71.0000 12.9671 -167.2676  
71.0330 13.5008 56.5825  
71.0840 14.0447 51.4079  
71.0990 14.2295 -103.0490  
71.1510 14.0572 -33.1253  
71.1660 13.5220 -146.5533  
71.2170 12.7127 -46.1642  
71.2330 12.0509 -137.2938  
71.2840 10.6724 -58.7797  
71.3030 8.9991 -132.6066  
71.3500 7.6268 -56.9476  
71.3810 5.7853 -91.1460  
71.4000 3.4783 -107.0000  
71.4500 1.0939 -46.3945  
71.4660 -1.3085 -118.9151  
71.5000 -3.6588 -49.3396  
71.5510 -5.8929 -23.3631  
71.5660 -7.7170 126.8375  
71.6170 -9.0366 40.1507  
71.6330 -10.7618 -410.9564  
71.6840 -12.1335 16.8157  
71.6990 -12.5724 433.5170  
71.7510 -13.2485 -84.7040  
71.7660 -13.6384 36.1422  
71.8170 -13.6861 29.7760  
71.8330 -13.3656 125.3351  
71.8840 -12.7039 43.5403  
71.8990 -12.0149 144.9904  
71.9330 -11.2307 88.2406  
71.9840 -9.5213 52.4765  
71.9990 -7.6451 168.3976  
72.0510 -6.1345 54.7521  
72.0660 -3.9473 157.4115  
72.1170 -1.5782 46.2865  
72.1330 0.8628 139.8749  
72.1840 3.2726 33.1976  
72.1990 5.6289 112.3615  
72.2510 7.7970 5.6487  
72.2660 9.1850 -320.0899  
72.3000 10.8595 162.9830  
72.3510 12.3344 10.3789  
72.3660 12.9175 -404.7164  
72.4000 13.2195 -13.2034  
72.4510 13.7279 86.7430  
72.4660 13.9214 -60.7621  
72.5170 13.7486 -38.5961  
72.5330 13.2189 -117.8322  
72.5840 12.1458 -100.7629  
72.6000 11.5772 15.1501  
72.6510 10.0916 -71.1210  
72.6690 8.3761 -98.3868  
72.7000 7.0046 -84.8305  
72.7510 5.4105 -52.4646  
72.7660 3.1885 -123.6140  
72.8170 0.7893 -52.6401  
72.8330 -1.5387 -78.4906  
72.8840 -3.9078 -45.0181  
72.8990 -5.8981 -90.0500  
72.9510 -7.8465 12.7035  
72.9660 -9.0517 253.7033  
73.0170 -9.0989 192.3229  
73.0330 -10.4514 -980.1599  
73.0880 -10.8669 121.7209  
73.1030 -11.5269 -286.6762  
73.1370 -11.9019 4.8749  
73.1850 -12.0115 29.1320  
73.1990 -11.6910 143.2402  
73.2510 -11.0134 42.7030  
73.2670 -9.9707 269.4001  
